examples/vegas_59328_55419_J2035+36_0001_0001.pointing.ecsv
# %ECSV 0.9
# ---
# datatype:
# - {name: OFFS_SUB, datatype: float64}
# - {name: RA_SUB, datatype: float64}
# - {name: DEC_SUB, datatype: float64}
# schema: astropy-2.0
OFFS_SUB RA_SUB DEC_SUB
0.15794176000000001 308.2661793809278 36.88052705622784
0.47382528 308.2706555655945 36.88082916749264
0.7897088000000001 308.27401804596747 36.88126833693848
1.10559232 308.27418376638275 36.881036785121864
1.42147584 308.2732264498656 36.880432810396265
1.73735936 308.27301876653496 36.879935681565826
2.05324288 308.2750093740402 36.88001208112853
2.3691264 308.2756919214826 36.879786397246626
2.68500992 308.2753941809453 36.87939631847506
3.00089344 308.275227704704 36.87904727321619
3.31677696 308.2761771819814 36.878877627391006
3.63266048 308.277078362048 36.87875279901375
3.948544 308.27739200104145 36.878502677759464
4.26442752 308.27797416051425 36.87831092862605
4.58031104 308.27861304204924 36.878119634327454
4.89619456 308.2791622468204 36.87793804456586
5.21207808 308.2796460915169 36.877823739464446
5.5279616 308.2800802874587 36.87777336997166
5.84384512 308.2806936579533 36.877687931303576
6.15972864 308.2814915264583 36.87748516193198
6.47561216 308.2817967594519 36.8774528702123
6.79149568 308.2822781869948 36.87766546343598
7.1073792000000005 308.2827459878401 36.87792490295386
7.42326272 308.28310169438527 36.87816431037573
7.73914624 308.2834215498587 36.87843647397338
8.05502976 308.2838935724862 36.87892146973147
8.37091328 308.2843787862621 36.87918976573161
8.6867968 308.28482457585966 36.87932209811776
9.00268032 308.28510596780916 36.87940788719394
9.31856384 308.28568281143873 36.87956563005799
9.63444736 308.28630298742956 36.87965763776786
9.950330880000001 308.2869070454866 36.87958720815573
10.2662144 308.2873762654329 36.879570168061896
10.58209792 308.28799281339457 36.879622146578484
10.89798144 308.288649075514 36.87956835482209
11.21386496 308.2892005511738 36.879445885053975
11.52974848 308.289574560036 36.87937067625307
11.845632 308.2901324811025 36.879394351348736
12.16151552 308.29088122751534 36.879302468489755
12.47739904 308.2913525973257 36.87920021288117
12.79328256 308.29185324534626 36.879176460905164
13.10916608 308.29241902118235 36.8791984577317
13.4250496 308.29301107250905 36.87917718358875
13.74093312 308.29351000105544 36.879141240031046
14.056816640000001 308.29418949190267 36.87918967477338
14.37270016 308.2948249954263 36.87924702325743
14.68858368 308.29537125025274 36.879216679268595
15.0044672 308.2958211300152 36.879162941353115
15.32035072 308.29633993441905 36.87921064787642
15.63623424 308.2969154588925 36.87925881414507
15.95211776 308.29770422070555 36.87922116039655
16.26800128 308.2981354941 36.87919336013255
16.5838848 308.2986430013058 36.87921836173927
16.89976832 308.2992229449497 36.879240471130466
17.21565184 308.2997423696915 36.879206424840426
17.53153536 308.3002269295346 36.87915469934339
17.84741888 308.30069821372047 36.87918114574086
18.1633024 308.3013644951937 36.879179023504385
18.47918592 308.3018490538854 36.879127294462094
18.79506944 308.30236251514873 36.879122768351124
19.11095296 308.3029175228049 36.87916902834975
19.42683648 308.30349420721666 36.879182410928514
19.742720000000002 308.3039743374347 36.879156737512304
20.058603520000002 308.30457892275405 36.87913323421769
20.37448704 308.30515117698536 36.87917267534648
20.69037056 308.305700852219 36.879166700606746
21.00625408 308.30619019426956 36.87912022170338
21.3221376 308.30662010048997 36.87911153402287
21.63802112 308.30714827227257 36.879154096671584
21.95390464 308.307977028865 36.87917068254122
22.26978816 308.30853916613273 36.87915262771161
22.58567168 308.30905586751794 36.87915682121763
22.9015552 308.3095585657438 36.879176559323994
23.21743872 308.3100971258897 36.879163531032724
23.53332224 308.31057860577044 36.8791187208538
23.84920576 308.3112636554166 36.87910629898136
24.16508928 308.3118071779672 36.87911418751751
24.4809728 308.31226661741823 36.87907093483342
24.79685632 308.3127373428199 36.879050391814616
25.11273984 308.3133109384719 36.87907070281687
25.42862336 308.313979367872 36.87911788386087
25.74450688 308.3144878474535 36.879092426208736
26.0603904 308.3151426378839 36.87905191278649
26.37627392 308.31561560349564 36.87909054553571
26.69215744 308.31618304823024 36.879124726142784
27.00804096 308.3167740677492 36.87915387833951
27.32392448 308.31725128523607 36.87915078436886
27.639808000000002 308.31777157383993 36.87919502250466
27.955691520000002 308.3184584974533 36.87921044911459
28.271575040000002 308.3189908990766 36.879211282863245
28.58745856 308.3195108312709 36.87922419586417
28.90334208 308.320048192457 36.879245951175086
29.2192256 308.3205645223184 36.87921881044452
29.53510912 308.3210049853912 36.87917016943616
29.85099264 308.3216741208317 36.879145423131554
30.16687616 308.3222032689965 36.879137525914906
30.48275968 308.32276538918444 36.87911945486345
30.7986432 308.3232642874032 36.87908346604001
31.11452672 308.32374764200637 36.87906649269728
31.43041024 308.3243118212768 36.87909194350877
31.74629376 308.3248493482884 36.879129359660105
32.06217728 308.3255200144529 36.8791011385809
32.3780608 308.3259705661819 36.87911000099305
32.69394432 308.32647151963033 36.87911753299267
33.00982784 308.3269774307783 36.87914598965662
33.32571136 308.3275210994414 36.879169532592535
33.64159488 308.32805075907953 36.87920862521187
33.9574784 308.32875508580616 36.879232886780336
34.27336192 308.32929686680586 36.8792285671837
34.58924544 308.3298372828529 36.879243381123
34.90512896 308.33037137579464 36.87925640292884
35.22101248 308.330922550968 36.879246937201565
35.536896 308.3314229767303 36.87920746875084
35.85277952 308.332053816294 36.8791406214059
36.16866304 308.33257167042245 36.8791099947418
36.48454656 308.33310541525003 36.87909168057499
36.80043008 308.33366290994866 36.87908400275683
37.1163136 308.3341887942342 36.879067363720566
37.43219712 308.3346926370035 36.8790522848619
37.74808064 308.3354300959589 36.87908203210128
38.06396416 308.3359923718989 36.87907961308289
38.37984768 308.33649159913426 36.87907493880781
38.6957312 308.3370350789188 36.879082809680135
39.01161472 308.3375565165707 36.879092241199864
39.327498240000004 308.3380764154282 36.87910514133157
39.643381760000004 308.338599559467 36.87912677138635
39.959265280000004 308.3393072772624 36.8791754230577
40.275148800000004 308.33983503195503 36.87918664619269
40.591032320000004 308.340367399373 36.879187462032405
40.90691584 308.3408760164929 36.87917763887304
41.22279936 308.3413564394708 36.879183252341576
41.53868288 308.3418761606842 36.879180481976334
41.8545664 308.3425040822299 36.87913621685656
42.17044992 308.3429921928568 36.879124482513525
42.48633344 308.34352147907487 36.87913223340243
42.80221696 308.344055209744 36.87911390674049
43.11810048 308.3445935545508 36.87908517148837
43.433984 308.34513548197083 36.879096506057955
43.74986752 308.34585993272617 36.879091322705335
44.06575104 308.34635743731457 36.879074438193335
44.38163456 308.3468629697334 36.87907154637765
44.69751808 308.34734475282994 36.8790580139803
45.0134016 308.3478408851178 36.879060267271164
45.32928512 308.34836196750507 36.8790383495
45.64516864 308.3489180703492 36.87904979710598
45.96105216 308.3496554924276 36.87907953611742
46.27693568 308.3502257748063 36.87909109928235
46.5928192 308.3507849515048 36.87909560707519
46.90870272 308.3513473717856 36.879108846652585
47.22458624 308.351862295176 36.87910080416735
47.54046976 308.3523471483493 36.87908032716613
47.85635328 308.35299110942395 36.879064030020814
48.1722368 308.35346826739305 36.87906090001282
48.48812032 308.3539797773549 36.87902844993967
48.80400384 308.35453399934295 36.87901201922152
49.11988736 308.35509316964607 36.879016523130964
49.43577088 308.35560501030005 36.879015415714406
49.7516544 308.35634873738127 36.879046943564
50.06753792 308.3568969661781 36.879060063460486
50.38342144 308.3574356288842 36.879062657079906
50.69930496 308.3579271272564 36.879075312216855
51.01518848 308.35840427712225 36.87907217765019
51.331072 308.35892292869704 36.87911988144093
51.64695552 308.3594602132367 36.87914161767648
51.96283904 308.3601422531505 36.87915174334968
52.27872256 308.3606493021207 36.87914536932099
52.59460608 308.36118641852465 36.87915143084993
52.9104896 308.36171567324953 36.8791591691225
53.22637312 308.362211451929 36.87913006247505
53.54225664 308.3627198731837 36.879104541289415
53.85814016 308.36334930323346 36.87905676311286
54.17402368 308.3638483233798 36.87903638706043
54.4899072 308.36440269627576 36.879035620492864
54.805790720000005 308.36495228650904 36.879029589704125
55.121674240000004 308.36547351140837 36.87902332592618
55.437557760000004 308.36597747409303 36.879023886380175
55.753441280000004 308.3666422380752 36.879040828893345
56.069324800000004 308.36718582915006 36.87906435420171
56.385208320000004 308.36774206175676 36.87909146638967
56.701091840000004 308.36817527045815 36.87910712019439
57.01697536 308.3686556443629 36.87911271053972
57.33285888 308.3691313978796 36.87912871264507
57.6487424 308.36985150416785 36.87916526595158
57.96462592 308.3704644602123 36.87919284322311
58.28050944 308.3710488883347 36.87920451115069
58.59639296 308.3715495986045 36.879196333156514
58.91227648 308.3720993385917 36.8792059742539
59.22816 308.37261730978736 36.879190969744776
59.54404352 308.3731164777977 36.87918626095208
59.85992704 308.3738072418851 36.879128514926805
60.17581056 308.3742715612276 36.87910610011871
60.49169408 308.3747832089663 36.87908929835067
60.8075776 308.3752965568772 36.879084702768594
61.12346112 308.37587927698434 36.8790841599127
61.43934464 308.37642730988154 36.879081590003864
61.75522816 308.377153238335 36.87907289776492
62.07111168 308.3776652026537 36.87908744977802
62.3869952 308.3782150929351 36.87911276469499
62.70287872 308.3787663626684 36.87911892949185
63.01876224 308.37928310445113 36.87913874614517
63.33464576 308.3797444950277 36.879138946217545
63.65052928 308.38040152070573 36.87917323469598
63.9664128 308.38092442049543 36.879179165316884
64.28229632 308.38148986776355 36.87918544517484
64.59817984 308.3820269485293 36.87919149167608
64.91406336 308.38252147985986 36.87919718822109
65.22994688 308.383001510273 36.8791714076631
65.5458304 308.38349758053454 36.879173631602306
65.86171392 308.38417446607065 36.879147107122485
66.17759744 308.3847064459989 36.87911652431955
66.49348096 308.38521329933275 36.87909444471383
66.80936448 308.3857139888823 36.87908625093626
67.125248 308.3862620066499 36.879083672339426
67.44113152 308.38680231919864 36.87909845195922
67.75701504 308.3875169687902 36.87906700516145
68.07289856 308.38803029720935 36.87906239731777
68.38878208 308.3885277439025 36.87904546246035
68.7046656 308.38902688786413 36.87904073669607
69.02054912 308.389521564443 36.8790621079694
69.33643264 308.3900459903874 36.87906455861612
69.65231616 308.3907407564865 36.87909392366376
69.96819968 308.3912937024932 36.87911228945163
70.2840832 308.3918560507808 36.87912550547482
70.59996672 308.3924356636868 36.87913189396462
70.91585024 308.3929836711503 36.87912931006327
71.23173376 308.39346199218664 36.87909130387036
71.54761728 308.39408212906966 36.87906429504013
71.8635008 308.39462042013054 36.87903549231741
72.17938432 308.3951209408523 36.879011604904335
72.49526784 308.39564212016046 36.87900531151844
72.81115136 308.39616021573863 36.87900596213202
73.12703488 308.39669711826133 36.878996312229475
73.4429184 308.3972548333402 36.87901994115449
73.75880192 308.3980157180966 36.87904461850606
74.07468544 308.3985435223806 36.879071486010055
74.39056896 308.39903972131737 36.87908938021839
74.70645248 308.3995343773245 36.87911074674514
75.022336 308.4000575525553 36.87914803170645
75.33821952 308.4005663892156 36.879169515122896
75.65410304 308.4012770051768 36.879211204110156
75.96998656 308.40179354801853 36.87921532446483
76.28587008 308.4023179525668 36.87921776658841
76.6017536 308.4028563865065 36.87920463979984
76.91763712 308.40337431570447 36.87918960055962
77.23352064 308.40388283965177 36.87917971118686
77.54940416 308.404567552591 36.87915147569666
77.86528768 308.40503183013743 36.879129020355855
78.18117120000001 308.40555145131384 36.87912619120519
78.49705472000001 308.40610113300613 36.87913580912539
78.81293824000001 308.40660333262963 36.879124121317936
79.12882176000001 308.40713096616736 36.87913529941591
79.44470528000001 308.4076775606616 36.87915186227741
79.76058880000001 308.4083486902783 36.87918625093174
80.07647232000001 308.408857661155 36.87922341753495
80.39235584000001 308.40933487595885 36.879235921759985
80.70823936000001 308.409807462494 36.87925884496207
81.02412288000001 308.410328919214 36.87928391446284
81.34000640000001 308.4108454455394 36.879288027993695
81.65588992 308.4115873317491 36.8793073139463
81.97177344 308.4121149545434 36.879318490285414
82.28765696 308.412659694627 36.879307148866346
82.60354048 308.4131995057921 36.87927485005016
82.919424 308.413741009512 36.879254765368366
83.23530752 308.4142539952967 36.87921875697333
83.55119104 308.414947796345 36.87915397559184
83.86707456 308.41543256401934 36.87913341890846
84.18295808 308.41595186974064 36.879099202057006
84.4988416 308.41646823900794 36.87908762027277
84.81472512 308.4169688810122 36.87907939405471
85.13060864 308.41748694084794 36.8790800269269
85.44649216 308.41802241833176 36.87908951916417
85.76237568 308.41877384480676 36.87911933552092
86.0782592 308.41930946850454 36.87914451726148
86.39414272 308.4198279695604 36.87919221911384
86.71002624 308.4202895849362 36.87922376193119
87.02590976 308.4208063914234 36.87925924776151
87.34179328 308.4213420096597 36.87928442983514
87.6576768 308.42208680939814 36.87928106954334
87.97356032 308.4225798730981 36.879305899332685
88.28944384 308.4230962310062 36.87929431235569
88.60532736 308.42361258827356 36.87928272470786
88.92121088 308.4241334273841 36.87924502338917
89.2370944 308.4246888076442 36.87919365995767
89.55297792 308.4253573168668 36.87912167171064
89.86886144 308.4258907965722 36.87908755771388
90.18474496 308.4264211892524 36.87906039074579
90.50062848 308.42694849469984 36.87904017098579
90.816512 308.42748366347394 36.879018272106364
91.13239552 308.42799046365707 36.878996137417026
91.44827904 308.4287099725329 36.87898558289931
91.76416256 308.429232790917 36.87899147500186
92.08004608 308.4297683945767 36.879016651304276
92.3959296 308.43025358059526 36.87904315338931
92.71181312 308.43069915462615 36.87904666118119
93.02769664 308.43120484239057 36.879075076508954
93.34358016 308.43174521743083 36.87910552293713
93.65946368 308.43248396815994 36.87913173965921
93.9753472 308.43305425262406 36.87915894691109
94.29123072 308.43356765405315 36.87916999012572
94.60711424 308.4340698133438 36.87915827256495
94.92299776 308.4346177571888 36.87915565218219
95.23888128 308.4351354990976 36.87912488217205
95.5547648 308.43583897620465 36.879086287925816
95.87064832 308.4362793317407 36.8790374365885
96.18653184 308.43677516805536 36.87902391852765
96.50241536 308.43727872436443 36.87899302633422
96.81829888 308.43782666455587 36.878990401539085
97.1341824 308.4383730598145 36.8789912510152
97.45006592 308.43908019473974 36.87900848092215
97.76594944 308.43962673096814 36.879025025061985
98.08183296 308.440138720051 36.879055232952105
98.39771648 308.4407012682816 36.879099811307945
98.7136 308.4412368477851 36.87912498376014
99.02948352 308.44175809904044 36.87913434244425
99.34536704 308.44224620462654 36.879138194024634
99.66125056 308.4429847866436 36.87914870798625
99.97713408 308.44352934411876 36.87912163678436
100.2930176 308.44406154502826 36.87912236511171
100.60890112 308.4445809633565 36.879103803345124
100.92478464 308.445064005844 36.87907098686272
101.24066816 308.4455740140148 36.87905757714741
101.55655168 308.44626975324235 36.87903633907755
101.8724352 308.4467655753935 36.879022809808
102.18831872 308.4472441227537 36.87901611241789
102.50420224 308.44775426895717 36.87901839731392
102.82008576 308.4482645548848 36.87903637963391
