examples/vegas_59328_55419_J2035+36_0001_0001.pointing.ecsv
# %ECSV 0.9
# ---
# datatype:
# - {name: OFFS_SUB, datatype: float64}
# - {name: RA_SUB, datatype: float64}
# - {name: DEC_SUB, datatype: float64}
# schema: astropy-2.0
OFFS_SUB RA_SUB DEC_SUB
[from data line 1559]
492.62034944000004 309.1250915625404 36.87905135366002
492.93623296000004 309.1256179013655 36.87906201049707
493.25211648000004 309.1263312566362 36.87907691504723
493.56800000000004 309.1268354473407 36.879105010214616
493.88388352000004 309.1273932751374 36.879140663017594
494.19976704000004 309.1279321784785 36.87917084606071
494.51565056000004 309.12844739197845 36.8792061022354
494.83153408000004 309.12896101549273 36.879244872889984
495.14741760000004 309.129490522889 36.87924849961476
495.46330112000004 309.1301739638937 36.87923488991799
495.77918464000004 309.1307256163903 36.879221075406534
496.09506816000004 309.1312441414681 36.87920165758603
496.41095168000004 309.13177373976333 36.87917351875465
496.72683520000004 309.1322450277704 36.87911660051829
497.04271872000004 309.13276042171583 36.8790883270092
497.35860224000004 309.1334581575615 36.879043078583116
497.67448576000004 309.1339767285323 36.87900777331751
497.99036928000004 309.1344779175474 36.87897936385279
498.30625280000004 309.1350342370736 36.878986762937465
498.62213632000004 309.13557163308246 36.8789886908471
498.93801984000004 309.1360758531979 36.87900089768134
499.25390336000004 309.1367654946926 36.8790208644617
499.56978688000004 309.1372365368424 36.87904335015375
499.88567040000004 309.1377122960142 36.87907117426724
500.20155392000004 309.1382227694808 36.879101087080905
500.51743744000004 309.1387237557279 36.8791362060529
500.83332096000004 309.13925160889545 36.879159221499116
501.14920448000004 309.1399617516575 36.87918114316042
501.46508800000004 309.14051806005483 36.87918853944153
501.78097152000004 309.14108544291656 36.879187213999046
502.09685504000004 309.14164338881284 36.8791752102239
502.41273856000004 309.1421745650531 36.87914354111513
502.72862208000004 309.14270415165504 36.87911538612061
503.04450560000004 309.1431880469839 36.879062093314005
503.36038912000004 309.14383059183325 36.878996892534005
503.67627264000004 309.14433966618986 36.87896677703598
503.99215616000004 309.1448850457469 36.87893523457036
504.30803968000004 309.14543663036415 36.87893728565379
504.62392320000004 309.1459630359695 36.87891615477725
504.93980672000004 309.1465366691346 36.878932531744134
505.25569024000004 309.14724366891636 36.878945589605905
505.57157376000004 309.147765199851 36.87896677461537
505.88745728000004 309.1482599105622 36.8789841784989
506.20334080000003 309.14878302885455 36.879001847685934
506.51922432000003 309.14932024634027 36.87905142198449
506.83510784000003 309.14982120829694 36.87908653607387
507.15099136000003 309.1505155315283 36.87911183038428
507.46687488000003 309.1510449516345 36.87913132336091
507.78275840000003 309.1516090868568 36.8791529060147
508.09864192000003 309.15210707386933 36.87913150347385
508.41452544000003 309.1526254663415 36.879143831383146
508.73040896000003 309.1531044772872 36.87913284170858
509.04629248000003 309.15358513083805 36.87910244805364
509.36217600000003 309.15428437454426 36.87906952887769
509.67805952000003 309.15481241161166 36.879028983874306
509.99394304000003 309.1553418776291 36.879032585476956
510.30982656000003 309.1558429335306 36.87903592080455
510.62571008000003 309.15637398802687 36.87903600558598
510.94159360000003 309.15691129469604 36.87905380263757
511.25747712000003 309.1576278105216 36.87904575478537
511.57336064000003 309.1581177840786 36.8790578117136
511.88924416000003 309.15856360660644 36.87905709665388
512.20512768 309.15903306610767 36.87906719523394
512.5210112 309.15953559556465 36.879098789182656
512.83689472 309.1600618165125 36.87912530842852
513.15277824 309.160828726232 36.87914774284007
513.46866176 309.1613881811545 36.87914808977746
513.78454528 309.1619286585625 36.87915885197833
514.1004288 309.1624739070166 36.879159065048725
514.41631232 309.16300654055254 36.87915562828505
514.73219584 309.16351400107726 36.87912900210226
515.04807936 309.164131237398 36.87907234344231
515.36396288 309.1646543802661 36.8790741121655
515.6798464 309.1651617829761 36.8790633731921
515.99572992 309.16569117457584 36.87908285632481
516.31161344 309.166220621751 36.87908644848721
516.62749696 309.16674057911655 36.879095248427454
516.94338048 309.1672794563943 36.8791095225938
517.259264 309.16801322345265 36.87912634322378
517.57514752 309.16854260920064 36.87914582515986
517.89103104 309.16907352741384 36.87917768180976
518.20691456 309.1695713760021 36.879188038824516
518.52279808 309.17008973547445 36.87920035365545
518.8386816 309.17061445869314 36.87919860122665
519.15456512 309.1713419681267 36.879197702562685
519.47044864 309.17188725969413 36.879182014945364
519.78633216 309.1724278351737 36.87916098470309
520.10221568 309.1729605120014 36.87914164541342
520.4180992 309.1734395506631 36.87911473831928
520.73398272 309.1739691025722 36.87908653829387
521.04986624 309.17463047329704 36.87904263066041
521.36574976 309.17514263635695 36.87902132886821
521.68163328 309.1756468412368 36.879017611303716
521.9975168 309.1761542284545 36.87900685902824
522.31340032 309.17669308929686 36.879021125801884
522.62928384 309.1772051303026 36.8790316084241
522.94516736 309.17772029367535 36.87905095027304
523.26105088 309.178409708953 36.879102665221204
523.5769344 309.1789311760542 36.879123832195624
523.89281792 309.17941798497 36.8791270125169
524.20870144 309.17987325918114 36.87912106553136
524.52458496 309.18038694565314 36.87911213436066
524.84046848 309.1809068773112 36.87912092266163
525.156352 309.18165628673444 36.87916613606476
525.47223552 309.1822409971279 36.87915787081312
525.78811904 309.1828130935525 36.879145954082134
526.10400256 309.1833379200122 36.87911239792007
526.41988608 309.18386586880865 36.879087701148194
526.7357696 309.18439222513297 36.879066520962354
527.05165312 309.18506613208194 36.87904213829377
527.36753664 309.18554521863297 36.87899931622333
527.68342016 309.1860242428341 36.878972388861065
527.99930368 309.1865473504302 36.878974136088694
528.3151872 309.1870861923699 36.87898839514728
528.63107072 309.18764242338693 36.87899575219517
528.94695424 309.188179670946 36.8790135284531
529.26283776 309.18888650792604 36.879042439670236
529.57872128 309.1894126689783 36.87906894320313
529.8946048 309.18993411462793 36.87909010310986
530.21048832 309.19048078527493 36.87911856594786
530.52637184 309.19095808262887 36.87912694512964
530.84225536 309.19147481065534 36.87914276082551
531.15813888 309.1921753947727 36.879153947355576
531.4740224 309.19270473328004 36.87917341411889
531.78990592 309.1932420339324 36.879175290641
532.10578944 309.19375404344777 36.87918576120814
532.42167296 309.19423942652526 36.8791447511977
532.73755648 309.1947563418592 36.87911286957746
533.05344 309.1954523344959 36.87908691087992
533.36932352 309.19593917977613 36.879074176139135
533.68520704 309.1964465365709 36.87906340044572
534.00109056 309.19694446568724 36.87904193548285
534.31697408 309.1974692129204 36.87902425556608
534.6328576 309.1980554306676 36.87902835393786
534.94874112 309.19874186050384 36.8790234985073
535.26462464 309.1992743733512 36.87903592319189
535.58050816 309.1997816596625 36.87904104301132
535.89639168 309.2002290014586 36.879036763718595
536.2122752 309.2007598517585 36.87906860574048
536.52815872 309.2012892403988 36.87907216602753
536.84404224 309.2017916763475 36.87910374002295
537.15992576 309.20250956196276 36.87912391176099
537.47580928 309.2030578661941 36.879132949765996
537.7916928 309.20361400209265 36.87915619584638
538.10757632 309.2041733907491 36.87915650373924
538.42345984 309.2047027732239 36.87916006186327
538.73934336 309.2052006908303 36.87913858668885
539.05522688 309.2058777464792 36.87910713108261
539.3711104 309.2063724759371 36.87909269124624
539.68699392 309.2068514051473 36.879081635336505
540.00287744 309.2073698327898 36.879062116761936
540.31876096 309.2079039913557 36.87905511444634
540.63464448 309.2084097370411 36.8790478433256
540.950528 309.2091892125882 36.87905798794626
541.26641152 309.2097217062162 36.87907040506584
541.58229504 309.21023209269816 36.879084380199394
541.89817856 309.21076617800657 36.87909327774825
542.21406208 309.2112671376457 36.879096561028675
542.5299456 309.2118028148814 36.87910193876292
542.84582912 309.2123273338927 36.87913194976633
543.16171264 309.21300430815666 36.87911638406731
543.47759616 309.21355107035976 36.879113029647705
543.79347968 309.21407253740614 36.87911827136688
544.1093632 309.2145955975588 36.87911999344406
544.42524672 309.215110756651 36.87912340755359
544.74113024 309.21561656123544 36.87910022522056
545.05701376 309.21629352949464 36.87908465387555
545.37289728 309.2167756321072 36.879066547077784
545.6887808 309.21728607593434 36.879064612338865
546.00466432 309.21779340141956 36.87905381135339
546.32054784 309.2183163845469 36.87907143382174
546.63643136 309.2188631389204 36.879068073583696
546.95231488 309.21958112596343 36.87905641907989
547.2681984 309.2201262842674 36.87905657707334
547.58408192 309.2206161386858 36.87906858279533
547.89996544 309.2210918574477 36.87906454841289
548.21584896 309.22160381667254 36.8790749950668
548.53173248 309.22211577483995 36.87908544137904
548.847616 309.2228195487805 36.87907364775246
549.16349952 309.2234041319599 36.87908124546147
549.47938304 309.22392717688837 36.87908295827576
549.79526656 309.2244629056378 36.8790724185949
550.11115008 309.2250348015698 36.879092267251366
550.4270336 309.2255516110973 36.879076245053774
550.74291712 309.22608893254966 36.87906218372152
551.05880064 309.22674232596177 36.8790198597865
551.37468416 309.22720390222236 36.87899977669933
551.69056768 309.2276970809761 36.87897292176883
552.0064512 309.2281948223182 36.87898322765444
552.32233472 309.2287573640935 36.878976471279266
552.63821824 309.22930250853585 36.878976619879744
552.95410176 309.23002967502 36.8790233670922
553.26998528 309.2305337176167 36.879035498930186
553.5858688 309.23106457743927 36.87905141980801
553.90175232 309.23158753520823 36.879069033246296
554.21763584 309.232100995663 36.879091859490266
554.53351936 309.23263025684673 36.879111299992594
554.84940288 309.23334951131244 36.87915973991475
555.1652864 309.2338441255719 36.87916117473041
555.48116992 309.2343560608411 36.879171611861935
555.79705344 309.2348886590413 36.879152192828755
556.11293696 309.23543386824383 36.87913642805163
556.42882048 309.2359648700579 36.87912052783127
556.744704 309.2364754348826 36.87908675511857
557.06058752 309.23711771982784 36.87905314367897
557.37647104 309.2376013891979 36.87903148810792
557.69235456 309.23811506748774 36.87900658055216
558.00823808 309.2386618692804 36.87898728988388
558.3241216 309.23923693059135 36.87900008835558
558.64000512 309.23974095614034 36.87901221257454
558.95588864 309.24040974550144 36.87904602606496
559.27177216 309.2409342809332 36.87906011227788
559.58765568 309.24146831247754 36.87906898452623
559.9035392 309.2419502246638 36.87908266563603
560.21942272 309.2424163327328 36.879099732374044
560.53530624 309.24294078572086 36.87912972864371
560.85118976 309.2436410921588 36.87917268021978
561.16707328 309.24420041836913 36.87917295116621
561.4829568 309.24473140798307 36.8791570402359
561.79884032 309.2452797176878 36.879150133296584
562.11472384 309.2458107061624 36.87913422091522
562.43060736 309.246332117478 36.87913943387074
562.74649088 309.2468536859073 36.87911282202759
563.0623744 309.24752588409933 36.8790918517816
563.37825792 309.24799541139305 36.879054134460446
563.69414144 309.24845528134347 36.87905345542489
564.01002496 309.2489830736283 36.87904458037289
564.32590848 309.2495518906615 36.8790396309502
564.641792 309.25007808524674 36.87903427589041
564.95767552 309.250808543396 36.879042144492715
565.27355904 309.25133146296025 36.8790597441965
565.58944256 309.251849591965 36.87908790769292
565.90532608 309.2523820075416 36.879100292563386
566.2212096 309.2529176151437 36.879105634365125
566.53709312 309.2534405301713 36.87912323318797
566.85297664 309.25415038621065 36.879145049821794
567.16886016 309.25470179457244 36.87914700413314
567.48474368 309.2552152885508 36.87915390245776
567.8006272 309.25575097251635 36.87914332778822
568.11651072 309.2562440335096 36.87913234697626
568.43239424 309.2567513830385 36.879105585766006
568.74827776 309.2574487022976 36.87910782731127
569.06416128 309.257919733455 36.879082486927814
569.3800448 309.2584284314077 36.87909994684116
569.69592832 309.2589404868699 36.87907853220159
570.01181184 309.25947305468065 36.879059080406236
570.32769536 309.2600260521187 36.87905750726413
570.64357888 309.26058064583526 36.87905241180705
570.9594624 309.26124954217 36.87905437730777
571.27534592 309.2617803438966 36.87907027663092
571.59122944 309.262273313108 36.87907520405394
571.90711296 309.26277258654017 36.87908195964216
572.22299648 309.26327976137713 36.87908702147605
572.53888 309.26380282391904 36.87907277947421
572.85476352 309.2644858361309 36.87909079304021
573.17064704 309.265035546809 36.87911217645975
573.48653056 309.26560753504367 36.879100167438594
573.80241408 309.2661352178227 36.879107191052256
574.1182976 309.26668677641607 36.87907729926522
574.43418112 309.26719882177645 36.879055873442496
574.75006464 309.2678330674109 36.87903981281198
575.06594816 309.2683324162492 36.87903064513401
575.38183168 309.26882705683255 36.87901612556975
575.6977152 309.2693232943967 36.878998082862886
576.01359872 309.26985727640323 36.879006931163424
576.32948224 309.27037234220484 36.87901029229247
576.64536576 309.27090943193394 36.87902801363014
576.96124928 309.27162706163665 36.8790640381187
577.2771328 309.272164148651 36.87908175911226
577.59301632 309.2726917338688 36.879104695907984
577.90889984 309.2732319279346 36.87913129066986
578.22478336 309.2737469006047 36.8791505691574
578.54066688 309.2742492620173 36.87916618929935
578.8565504 309.27499236168774 36.87916177056976
579.17243392 309.27551691862584 36.879159912177265
579.48831744 309.27606837984996 36.8791459272225
579.80420096 309.27660563252056 36.879131805947665
580.12008448 309.277139688454 36.87912472943827
580.435968 309.27765331822894 36.8790997671351
580.75185152 309.2783035240232 36.879048461461146
581.06773504 309.2787919333246 36.87901617963089
581.38361856 309.2792943742507 36.87901587397447
581.69950208 309.27983002532136 36.87900527046502
582.0153856 309.2803544875662 36.879019326846596
582.33126912 309.28086944713885 36.87903859954475
582.64715264 309.2814175282996 36.879063495895835
582.96303616 309.28208939659953 36.87909023096144
583.27891968 309.2825869470231 36.879116413467614
583.5948032 309.2830939979079 36.879137379125204
583.91068672 309.2835569135743 36.87914553845257
584.22657024 309.2840877615807 36.87914550048062
584.54245376 309.2845569799639 36.87915548836613
584.85833728 309.28527625877746 36.87917205915035
585.1742208 309.2858134984139 36.879157926673756
585.49010432 309.28640757070167 36.87914433682448
585.80598784 309.28695111406023 36.87913203251962
586.12187136 309.28750247009935 36.879133956743075
586.4377548799999 309.2880286966701 36.879112638948754
586.7536384 309.28864887238024 36.8790645616345
587.0695219199999 309.2891276762832 36.87905340409948
587.38540544 309.28962868246003 36.87902476435655
587.7012889599999 309.2901548160187 36.879019366181325
588.01717248 309.2907171780792 36.879028469396204
588.3330559999999 309.2912211979268 36.879024627993786
588.64893952 309.29193255870337 36.87904288450287
588.9648230399999 309.2924870138892 36.8790536803932
589.28070656 309.2930066546426 36.87907829860191
589.5965900799999 309.2935579094255 36.87909614136862
589.9124736 309.294086958641 36.87913146649247
590.2283571199999 309.29459869168716 36.879157778328846
590.54424064 309.2950898178067 36.8791980491455
590.8601241599999 309.29582487912535 36.879211222189895
591.17600768 309.2963494025103 36.87920934302747
591.4918911999999 309.2968754316019 36.879219864885904
591.80777472 309.2974142548815 36.87920219525129
