examples/vegas_59328_56190_J2035+36_0002_0001.pointing.ecsv
# %ECSV 0.9
# ---
# datatype:
# - {name: OFFS_SUB, datatype: float64}
# - {name: RA_SUB, datatype: float64}
# - {name: DEC_SUB, datatype: float64}
# schema: astropy-2.0
OFFS_SUB RA_SUB DEC_SUB
[from data line 647]
204.5345792 308.8948471777736 36.663373028743294
204.85046272 308.89484700275625 36.66383037971732
205.16634624 308.89495173051256 36.66416721174594
205.48222976 308.89502291163336 36.66451444605759
205.79811328 308.89508157122407 36.664903217486874
206.1139968 308.89510043802846 36.665255150345956
206.42988032 308.895068142157 36.665579147066545
206.74576384 308.8950273060699 36.66592116327303
207.06164736 308.8950150885541 36.66640380242345
207.37753088 308.89501286578314 36.66681531318925
207.6934144 308.8949981269262 36.66722302471021
208.00929792 308.89496859366596 36.66764685467624
208.32518144 308.89497257860955 36.66810563881135
208.64106496 308.8948821926362 36.668552187762714
208.95694848 308.89474648157886 36.669219933877095
209.272832 308.8946890112915 36.66976311394414
209.58871552 308.8947048747638 36.670242067373
209.90459904 308.89479576946405 36.67069853363246
210.22048256 308.89476272220253 36.67117498814434
210.53636608 308.8946892941992 36.6716762654328
210.8522496 308.89455690798246 36.67224620567539
211.16813312 308.8945539862758 36.672583457882
211.48401664 308.8946442861778 36.67292024637031
211.79990016 308.8947425362219 36.673255342119326
212.11578368 308.89484701648394 36.67363769781326
212.4316672 308.8948576937842 36.67399150038333
212.74755072 308.89487929512507 36.6744929840718
213.06343424 308.8949211981262 36.67490167558081
213.37931776 308.8949585441042 36.67530486788949
213.69520128 308.8950413422254 36.675763145447604
214.0110848 308.8950593182936 36.676222314225924
214.32696832 308.8950158844217 36.67667516750724
214.64285184 308.89497017278586 36.67710260003783
214.95873536 308.8948659801083 36.67771846775584
215.27461888 308.89478552665366 36.678234320630125
215.5905024 308.8947596484984 36.67872557012752
215.90638592 308.8947741505314 36.67914665456824
216.22226944 308.8947920724429 36.67951518321137
216.53815296 308.89482928386707 36.67996382553213
216.85403648 308.89473806626745 36.68056726661621
217.16992 308.8946683667311 36.68099988327586
217.48580352 308.89464528642065 36.6814095916699
217.80168704000002 308.8946949913533 36.68177136428289
218.11757056000002 308.894810079559 36.68211593769843
218.43345408000002 308.89489160819807 36.68247092334648
218.74933760000002 308.89492542076096 36.68297644038311
219.06522112000002 308.8948863803062 36.68334423147249
219.38110464000002 308.89487746532245 36.683708833236466
219.69698816000002 308.8948782080188 36.684068137612755
220.01287168000002 308.8949357785817 36.68447362713112
220.32875520000002 308.89496774748505 36.684887831325284
220.64463872000002 308.89499458287713 36.685312858321495
220.96052224000002 308.8950140317605 36.6859089800442
221.27640576000002 308.89498621979965 36.686404017496436
221.59228928000002 308.8949322263336 36.6869240967622
221.90817280000002 308.8948656892605 36.68748574614672
222.22405632000002 308.89481395321167 36.687985920294075
222.53993984000002 308.89480316645876 36.68844495239735
222.85582336000002 308.89482022808505 36.68906108956236
223.17170688000002 308.8947337868865 36.68951362042848
223.48759040000002 308.89468259614324 36.68995214674252
223.80347392000002 308.8946445025871 36.690332795854225
224.11935744000002 308.8946951356361 36.690662089468354
224.43524096000002 308.89479240170493 36.69096846213531
224.75112448000002 308.8949044605281 36.691353728231114
225.06700800000002 308.89490844461966 36.69166059867461
225.38289152000002 308.8949362801296 36.69200774412735
225.69877504000002 308.89489927610947 36.69235578701763
226.01465856000002 308.89489408453073 36.69274240552878
226.33054208000001 308.89495710167535 36.693166304633934
226.64642560000001 308.8950041829538 36.693593615396345
226.96230912000001 308.8950380936958 36.694219231953134
227.27819264000001 308.8949668369885 36.69468481000846
227.59407616000001 308.8947983045548 36.69517442469153
227.90995968000001 308.89471219633197 36.69570152701017
228.2258432 308.8946618935598 36.69624367224105
228.54172672 308.8946451665333 36.696730037876556
228.85761024 308.89467271805995 36.697353838708345
229.17349376 308.8947270815799 36.69779585987865
229.48937728 308.8947052180606 36.69824769792922
229.8052608 308.89471690445794 36.69868913136029
230.12114432 308.8947718137072 36.699114851122616
230.43702784 308.8948057193849 36.6994640396152
230.75291136 308.89487082533145 36.69991781609106
231.06879488 308.89487004640296 36.70021933010401
231.3846784 308.89487548143944 36.700568137757614
231.70056192 308.89488203470427 36.70092967626635
232.01644544 308.8948134851615 36.701313756539655
232.33232896 308.89477390973616 36.70172730334193
232.64821248 308.89480642764255 36.70229505205584
232.964096 308.89486977707367 36.70270281823233
233.27997952 308.8948079796339 36.703117895529324
233.59586304 308.8947745752875 36.70357877252086
233.91174656 308.894698499956 36.70403905497062
234.22763008 308.89468209328675 36.70455466015029
234.5435136 308.89470549601083 36.70506176278781
234.85939712 308.89474699296824 36.70564062506779
235.17528064 308.89478691313843 36.706082623438405
235.49116416 308.8947523381951 36.706485448169545
235.80704768 308.89472058850606 36.70689740009144
236.1229312 308.8947075935032 36.70731507351464
236.43881472 308.8946980412768 36.707680149187254
236.75469824 308.894722457719 36.70815898091655
237.07058176 308.89477430894635 36.708530390178275
237.38646528 308.8948369886776 36.70886382880136
237.7023488 308.8949240992467 36.70922122486751
238.01823232 308.894982758603 36.70957822594974
238.33411584 308.8950453718008 36.709957080246035
238.64999936 308.8950707909669 36.7104940966992
238.96588288 308.8950525607993 36.71092267267753
239.2817664 308.89504628631227 36.71132600409741
239.59764992 308.89501835749144 36.711759909387006
239.91353344 308.89502624214407 36.71220885734229
240.22941696 308.8949243056191 36.712678057101506
240.54530048 308.8948337010132 36.713183747658434
240.861184 308.8948048359271 36.713865369905484
241.17706752 308.8948189232419 36.7143162659882
241.49295104 308.8948233635834 36.71472708228165
241.80883456 308.8947936758009 36.71511926558383
242.12471808 308.89475371671415 36.71553310610477
242.4406016 308.894731387995 36.71593993957775
242.75648512 308.89480497890986 36.716450557201355
243.07236864 308.89487538372157 36.71682784115358
243.38825216 308.89493781215054 36.71720683667082
243.70413568 308.8949518902244 36.71756699722183
244.0200192 308.8949073563115 36.717929973081006
244.33590272 308.89488045447337 36.71828593985427
244.65178624 308.8948800065033 36.71878650053145
244.96766976 308.89487747575225 36.71921184828123
245.28355328 308.8948618355982 36.719649735294716
245.5994368 308.8948814717084 36.72007359681271
245.91532032 308.89492841815564 36.720485136438114
246.23120384 308.8949844460971 36.720907710604806
246.54708736 308.894972720629 36.72136748670022
246.86297088 308.8949418683453 36.72200757020472
247.1788544 308.8949153049462 36.72248351007654
247.49473792 308.8949234799768 36.72291635215288
247.81062144 308.89492997937026 36.72330740017349
248.12650496 308.89489946609115 36.723716102650236
248.44238848 308.89482509625896 36.724156897053824
248.758272 308.89476515256035 36.72476759294277
249.07415552 308.8948034247401 36.72519727353332
249.39003904 308.89486847234014 36.72558555589296
249.70592256 308.89487265104515 36.72595119350153
250.02180608 308.8948898708702 36.726349721607995
250.3376896 308.8948422610539 36.72670374949077
250.65357312 308.8948477704418 36.72720643786005
250.96945664 308.8948957017161 36.7275854392138
251.28534016 308.89497202316875 36.72801026482421
251.60122368 308.8949646430477 36.728475713798325
251.9171072 308.8949430757911 36.72889555429511
252.23299072 308.89490785849097 36.72929886157848
252.54887424 308.8948272818619 36.72986218988134
252.86475776 308.894737329421 36.73033561133408
253.18064128 308.8946524455231 36.730843635706414
253.4965248 308.89461873037163 36.731379640581295
253.81240832 308.8946306193925 36.73183453192748
254.12829184 308.894717050534 36.7322832060856
254.44417536 308.894739184905 36.73271645579808
254.76005888 308.89471132894346 36.73334966303826
255.0759424 308.89473284797674 36.733799279680625
255.39182592 308.89479767717097 36.73418773024673
255.70770944 308.8948796111881 36.73454008581927
256.02359296000003 308.8948955360285 36.73488062532379
256.33947648000003 308.8949063159353 36.735232002832575
256.65536000000003 308.8948261636119 36.73573372569804
256.97124352000003 308.8948067523988 36.73608833449924
257.28712704000003 308.8948510306363 36.736474730564254
257.60301056000003 308.8949009670411 36.73687938550968
257.91889408000003 308.89494741331504 36.737336699835325
258.23477760000003 308.8949039369878 36.73778731983213
258.55066112000003 308.8947627066753 36.7383573208219
258.86654464000003 308.8947402760836 36.73879371859776
259.18242816000003 308.8947183659864 36.73925921035154
259.49831168000003 308.8946963861484 36.739770144994395
259.81419520000003 308.8947244581439 36.74029632580472
260.13007872000003 308.89473551342905 36.740767759677475
260.44596224000003 308.8947136700768 36.74114242385634
260.76184576 308.89463442372636 36.74165704327884
261.07772928 308.89455841465417 36.742085497869965
261.3936128 308.89451710846515 36.74251626162987
261.70949632 308.8945230818716 36.74290770634768
262.02537984 308.89459853601466 36.74325832093216
262.34126336 308.89473945766787 36.743591675831894
262.65714688 308.89483098436375 36.74401785731641
262.9730304 308.89489731516903 36.744357462174655
263.28891392 308.89495224081026 36.74470600362072
263.60479744 308.89501624862027 36.74506558387499
263.92068096 308.8950677296388 36.745421362310005
264.23656448 308.8951214426454 36.74580262634412
264.552448 308.89511368605486 36.74634745598233
264.86833152 308.89508081254996 36.746760257750466
265.18421504 308.8949825079117 36.7471448956536
265.50009856 308.89496891488017 36.747592520075834
265.81598208 308.8949375908264 36.74809262457514
266.1318656 308.89493412203785 36.74860948612667
266.44774912 308.8948503758204 36.74928422644027
266.76363264 308.89479634297487 36.74971133951472
267.07951616 308.89471614210163 36.75011810334295
267.39539968 308.89472921911124 36.75056979624391
267.7112832 308.8947393861759 36.75105781704551
268.02716672 308.8947507266986 36.75151314148962
268.34305024 308.89482813683685 36.75193484737871
268.65893376 308.8948402602662 36.75236195099088
268.97481728 308.8948597345854 36.75267924825242
269.2907008 308.8948706336624 36.7530146138872
269.60658432 308.8948114858395 36.75336174540677
269.92246784 308.894803519173 36.753736862491046
270.23835136 308.89479494779783 36.75412834213473
270.55423488 308.894879057183 36.75470558456722
270.8701184 308.8949626347009 36.755129264214965
271.18600192 308.89500745840184 36.75557423579491
271.50188544 308.8949867766198 36.75603649509042
271.81776896 308.89495639646617 36.75650408539885
272.13365248 308.8949492585301 36.757028371648595
272.449536 308.89493060641917 36.7577315544572
272.76541952 308.8949354331223 36.758230576241765
273.08130304 308.8948617764096 36.75866852398601
273.39718656 308.8948268533899 36.75908519497377
273.71307008 308.8947697125356 36.75950338758381
274.0289536 308.89473581325916 36.7599782787985
274.34483712 308.89472984343723 36.76042447048907
274.66072064 308.89475122010333 36.760937376186476
274.97660416 308.89476355084213 36.76131474016703
275.29248768 308.89474747653617 36.761646259917164
275.6083712 308.8947848974615 36.7619857959652
275.92425472 308.8947727528554 36.762339205630674
276.24013824 308.89479525105395 36.76274038053955
276.55602176 308.89488196753064 36.763281528343455
276.87190528 308.894922624233 36.763704795000415
277.1877888 308.894964462021 36.76409535193472
277.50367232 308.8949060556101 36.764500908105994
277.81955584 308.89479412907974 36.764898464013086
278.13543936 308.89472884164013 36.76531849304414
278.45132288 308.8947179100629 36.765974768838866
278.7672064 308.8947184715725 36.76649757168259
279.08308992 308.89477141265496 36.76701564775751
279.39897344 308.89481137684663 36.767455350440585
279.71485696 308.89481667646027 36.767847299155434
280.03074048 308.89484469475434 36.76826684929048
280.346624 308.89489088576886 36.7687084828554
280.66250752 308.89488401665596 36.76925032708493
280.97839104 308.89487846163684 36.76963488848522
281.29427456 308.8948490487963 36.76997911597673
281.61015808 308.8948145598882 36.77028872202719
281.9260416 308.8948005565018 36.77060043380198
282.24192512 308.8947950368858 36.77093955236273
282.55780864 308.8947875551797 36.77145235244522
282.87369216 308.8947972831342 36.77184990481488
283.18957568 308.89477844837984 36.77229255055759
283.5054592 308.8947932175567 36.772724751004574
283.82134272 308.8947464854245 36.77315066279716
284.13722624 308.894683191566 36.773596367629416
284.45310976 308.89457794802127 36.77426980623428
284.76899328 308.89458273046415 36.774843804653756
285.0848768 308.8945738623683 36.775401256664104
285.40076032 308.89456283081284 36.775887743322414
285.71664384 308.89454963677076 36.776303262242195
286.03252736 308.8945028947077 36.77668376725009
286.34841088 308.8945561093685 36.7772193780106
286.6642944 308.89459476300493 36.77760106659586
286.98017792 308.89467671699555 36.77796697961339
287.29606144 308.89479279716096 36.77835155803879
287.61194496 308.89484574130034 36.77868798101922
287.92782848 308.8949185744244 36.779042875172905
288.243712 308.8949731299441 36.77942117919629
288.55959552 308.895092369855 36.77992319732701
288.87547904 308.89513377926 36.780314075950294
289.19136256 308.89512328761197 36.78073882542702
289.50724608 308.89504725561187 36.78118088668343
289.8231296 308.8949513118813 36.781604492121055
290.13901312 308.8949310915913 36.78203459573624
290.45489664 308.8949270709671 36.78261506523091
290.77078016 308.89487663069013 36.78304841876762
291.08666368 308.8947554994076 36.78350993428908
291.4025472 308.89472595967976 36.78402001475994
291.71843072 308.8946629580762 36.78444958849997
292.03431424 308.8946780006203 36.7848656746066
292.35019776 308.8947132515737 36.78540854480826
292.66608128 308.8947043358398 36.78582978492121
292.9819648 308.89472208191887 36.78630052813307
293.29784832 308.89477858965745 36.786749970391476
293.61373184 308.89485284679967 36.78714688977159
293.92961536 308.8949122524546 36.787559993608454
294.24549888 308.89483680813106 36.787894845958576
294.5613824 308.89476610216076 36.78838904765179
294.87726592 308.8948341422067 36.788738601193764
295.19314944 308.89489479702877 36.78907350261068
295.50903296 308.8949393947827 36.78945733004609
295.82491648 308.89496974209726 36.78984097223019
296.1408 308.894992008589 36.79027183101828
296.45668352 308.8950292867112 36.790840359633265
296.77256704 308.89504809434504 36.791278472413836
297.08845056 308.8950572887822 36.79167642431246
297.40433408 308.8950190183699 36.79215928326568
297.7202176 308.89495448005164 36.7926672781256
298.03610112 308.8948905315657 36.793158911815
298.35198464 308.89481206742374 36.793729594823674
298.66786816 308.8948291771926 36.794125882628954
298.98375168 308.89477507053414 36.79452121635085
299.2996352 308.89479428833 36.794988535428296
299.61551872 308.8947754114093 36.79541530592929
299.93140224 308.8947719720629 36.795809530453006
300.24728576 308.89479255449123 36.79615312139613
300.56316928 308.89475072415115 36.796586048426775
300.8790528 308.8947632066312 36.796976873297126
301.19493632 308.89482527054855 36.79735381295417
301.51081984 308.8949061119163 36.79773647439715
301.82670336 308.8949903769837 36.79811190823703
302.14258688 308.8950375637576 36.798505052973894
302.4584704 308.89499999379933 36.799034578413284
302.77435392 308.8949229152834 36.79944791204363
303.09023744 308.89486582289624 36.79983421777701
303.40612096 308.8949003370298 36.800269097813484
303.72200448 308.8949160516757 36.80069827220915
304.037888 308.8949293325855 36.80119296042456
304.35377152 308.89485661502295 36.8018568053639
