examples/vegas_59328_56190_J2035+36_0002_0001.pointing.ecsv
# %ECSV 0.9
# ---
# datatype:
# - {name: OFFS_SUB, datatype: float64}
# - {name: RA_SUB, datatype: float64}
# - {name: DEC_SUB, datatype: float64}
# schema: astropy-2.0
OFFS_SUB RA_SUB DEC_SUB
[from data line 328]
103.76773632 308.89468296498285 36.5236333330278
104.08361984 308.8947770135722 36.52401249197185
104.39950336 308.89484778225045 36.524380458846984
104.71538688 308.8948646856715 36.52475662720392
105.0312704 308.8948667807363 36.52510367213337
105.34715392 308.89491710096223 36.52546953825324
105.66303744 308.8949688997567 36.525974595945655
105.97892096 308.8950187420336 36.52640189111768
106.29480448 308.8950101692158 36.526831900702604
106.610688 308.8949289201048 36.5272192425443
106.92657152 308.894892424085 36.52758741748264
107.24245504 308.89484459106 36.527964457265966
107.55833856 308.89495094030457 36.52858063227147
107.87422208 308.8949232059637 36.529111561763514
108.1901056 308.8948800426715 36.52958445397584
108.50598912 308.89482938751644 36.52999762353755
108.82187264 308.8947956699303 36.53037493318216
109.13775616000001 308.8947688011396 36.53078307046362
109.45363968000001 308.8948206547077 36.53142377822787
109.76952320000001 308.89487212982925 36.53189277294669
110.08540672000001 308.89489792915197 36.53228007839181
110.40129024000001 308.8949094599651 36.53262200316276
110.71717376000001 308.89487104578046 36.53294870778153
111.03305728000001 308.89481790312465 36.533291452591925
111.34894080000001 308.89479560260514 36.53374138029359
111.66482432000001 308.8948076277725 36.53406708391707
111.98070784000001 308.8948781324665 36.53443525733122
112.29659136000001 308.8949242758292 36.53482474386289
112.61247488000001 308.8949715646315 36.53522690472985
112.92835840000001 308.89499957710376 36.535639617520616
113.24424192000001 308.89496346240946 36.53603689209652
113.56012544000001 308.8949463725694 36.53661165769312
113.87600896000001 308.89497395896444 36.53713100636278
114.19189248 308.8949130624069 36.53765622713461
114.507776 308.89481870543915 36.538191785543766
114.82365952 308.8947446819375 36.53868430194081
115.13954304 308.89471026038035 36.53912322960783
115.45542656 308.8947073222604 36.53974348015895
115.77131008 308.8946939845258 36.54025865594351
116.0871936 308.8946760135025 36.540723172199726
116.40307712 308.89469479713597 36.54112501547896
116.71896064 308.89474409479453 36.54146227977873
117.03484416 308.8947405916089 36.54177524344353
117.35072768 308.8947911381944 36.54220664328676
117.6666112 308.89484155827586 36.54255659919837
117.98249472 308.8949186350237 36.542910587936554
118.29837824 308.8949515339379 36.54331270023152
118.61426176 308.8949798755011 36.54370932914852
118.93014528 308.8949719044935 36.54410721476949
119.2460288 308.8949548290152 36.54449412498067
119.56191232 308.8948313034755 36.5450367833595
119.87779584 308.8947581559039 36.545496955379406
120.19367936 308.8947259150031 36.546006568496615
120.50956288 308.89470845536164 36.54654534003514
120.8254464 308.8946609222239 36.54708727636715
121.14132992 308.894646759954 36.54757370605118
121.45721344 308.8946689552231 36.5481403839534
121.77309696 308.894678514533 36.54857659160817
122.08898048 308.8947080142752 36.54907638009086
122.404864 308.8947107646924 36.54952696396449
122.72074752 308.8947111277792 36.54990702460295
123.03663104 308.89471480522036 36.55023472331002
123.35251456 308.8947394862822 36.55062979090331
123.66839808 308.8948827322924 36.55097953227233
123.9842816 308.8949539001174 36.55131552062079
124.30016512 308.89504039513236 36.5516644051693
124.61604864 308.8950474801884 36.55203015620541
124.93193216 308.8950585576204 36.552417669690215
125.24781568 308.89498739670984 36.55289448379686
125.5636992 308.894983720908 36.55329806120219
125.87958272 308.8949585185302 36.55373205094095
126.19546624 308.8949673714568 36.554184651017636
126.51134976 308.89494960600194 36.554678434647386
126.82723328 308.8949091591592 36.55518996119283
127.1431168 308.89485960608545 36.55569051266378
127.45900032 308.89473972370473 36.556300460051496
127.77488384 308.8947041979618 36.55671085425489
128.09076736 308.89463859412484 36.55712441368312
128.40665088 308.8946519052299 36.557582582338554
128.7225344 308.8947060620006 36.5580450018483
129.03841792 308.894790212408 36.55845907226044
129.35430144 308.8948176502971 36.558999035594866
129.67018496 308.8948523085627 36.55933642956447
129.98606848 308.8948853210172 36.55972262510045
130.301952 308.8949376002999 36.560098274416006
130.61783552 308.89497629037885 36.56050265492915
130.93371904 308.89494573970126 36.56090237053995
131.24960256 308.8948845778034 36.56144828730342
131.56548608 308.8948630931368 36.56185901220167
131.8813696 308.89482116691215 36.56226762621788
132.19725312 308.8948286361764 36.562707744101566
132.51313664 308.8948020828754 36.56317447752568
132.82902016 308.89477097064184 36.56363572712315
133.14490368 308.8947399046916 36.56414219684475
133.4607872 308.8947116031249 36.564739344662144
133.77667072 308.89463892543546 36.5651222351674
134.09255424 308.89459970236743 36.565494793652256
134.40843776 308.8946547386662 36.56592485811389
134.72432128 308.8946916348768 36.56637816566481
135.0402048 308.894748347353 36.56680465740441
135.35608832 308.89476518704146 36.56727597851954
135.67197184 308.89477865370543 36.567627682531636
135.98785536 308.89478241363935 36.567939458157795
136.30373888 308.89481284023316 36.56825526333667
136.6196224 308.894812636849 36.56859050398575
136.93550592 308.89489135791956 36.568970359243025
137.25138944 308.89485996078514 36.56951335679112
137.56727296 308.8948553383842 36.569978781025235
137.88315648 308.89483027146576 36.570442096360644
138.19904 308.89487898004256 36.57091558662259
138.51492352 308.894915187681 36.571385279758644
138.83080704 308.89498206015895 36.571880771325205
139.14669056 308.8949456590193 36.572398219942954
139.46257408 308.89483596905154 36.57306131584772
139.7784576 308.89475686645414 36.573487703013285
140.09434112 308.89470552734997 36.573885579663504
140.41022464 308.8946706123836 36.57426381688734
140.72610816 308.8947174733435 36.574695760534006
141.04199168 308.8947149111679 36.57509621273513
141.3578752 308.89473326122834 36.575654611978614
141.67375872 308.89475105640616 36.57601197835889
141.98964224 308.8947347670438 36.57635074625701
142.30552576 308.8947258616322 36.57670410556867
142.62140928 308.8947709049482 36.57709447031798
142.9372928 308.89485340986005 36.5774962649077
143.25317632 308.89496984585577 36.57804355885946
143.56905984 308.89501315596266 36.578437543567176
143.88494336 308.894933294308 36.57883510058801
144.20082688 308.8948773019712 36.57927282920542
144.5167104 308.894800263339 36.579679493837524
144.83259392 308.8948339331372 36.58012402568345
145.14847744 308.89488057127727 36.58077346501283
145.46436096 308.8948864794532 36.58129177928125
145.78024448 308.8948526515728 36.581818551180724
146.096128 308.8948352039739 36.582280448500704
146.41201152 308.8949147821472 36.582718490921934
146.72789504 308.89494778180404 36.58313412762124
147.04377856 308.8950381313012 36.58357958821101
147.35966208 308.89500116370056 36.584179015627875
147.6755456 308.8949472806068 36.58459699164077
147.99142912 308.894941011426 36.58495960351696
148.30731264 308.894895511326 36.585269158252444
148.62319616 308.8949079140818 36.5855922589841
148.93907968 308.89488512635285 36.58592931203747
149.2549632 308.8949154871865 36.586401357239495
149.57084672 308.89500280910295 36.58674732500425
149.88673024 308.89500611879106 36.587104701060554
150.20261376 308.89497478820016 36.58745975357929
150.51849728 308.89490771200013 36.58784503886381
150.8343808 308.89488434712445 36.58824365854042
151.15026432 308.89491810270033 36.588799064631274
151.46614784 308.8950162368824 36.589242965769095
151.78203136 308.895046245886 36.58969489953897
152.09791488 308.8950234674739 36.59016776565671
152.4137984 308.8948995880018 36.59059749838947
152.72968192 308.89485286423627 36.59098496742475
153.04556544 308.8948367674341 36.59135299812772
153.36144896 308.8949373838834 36.59188778187217
153.67733248 308.8949536806945 36.5923232820677
153.993216 308.89494731253257 36.59282179596699
154.30909952 308.8949681326648 36.593262813613876
154.62498304 308.89499969555254 36.59366599457258
154.94086656 308.8950352016642 36.594045714621785
155.25675008 308.8950823550624 36.5945725304595
155.5726336 308.89510878175315 36.594986522681744
155.88851712000002 308.89511815747267 36.59539121822622
156.20440064000002 308.89510253502004 36.59578830774268
156.52028416000002 308.89502217859786 36.59618624548222
156.83616768000002 308.89494125543956 36.59660047443212
157.15205120000002 308.89487365364874 36.597158225596004
157.46793472000002 308.8948733204057 36.597568254405914
157.78381824000002 308.8949155947737 36.59802418354029
158.09970176000002 308.89492665884836 36.59851585783412
158.41558528000002 308.8948547991501 36.59898638967476
158.73146880000002 308.8947227466815 36.599463272287764
159.04735232000002 308.89472408989667 36.59991500976309
159.36323584000002 308.89479661724846 36.6004785751274
159.67911936000002 308.89489788866445 36.60096079392349
159.99500288000002 308.8949066208332 36.60147241352855
160.31088640000002 308.89479265169854 36.60192609120418
160.62676992000002 308.89471611903275 36.6023459432848
160.94265344000002 308.89461455113036 36.60271293119243
161.25853696000001 308.8946102480634 36.60316680631585
161.57442048000001 308.89459438303544 36.60351880006348
161.89030400000001 308.89465066284674 36.60392981227917
162.20618752000001 308.8946944372475 36.604337025604295
162.52207104000001 308.894737644612 36.604760533253035
162.83795456000001 308.8948285321391 36.60517389871307
163.15383808 308.89494967896934 36.605694890338576
163.4697216 308.8950036143255 36.60608056628833
163.78560512 308.8950257445772 36.606473018187444
164.10148864 308.8950626478163 36.60689466787571
164.41737216 308.8950325470729 36.6073370547669
164.73325568 308.89492405926177 36.60776379852327
165.0491392 308.89484982490495 36.6083652396463
165.36502272 308.89486054300113 36.60876662320294
165.68090624 308.8948865619163 36.609135651159484
165.99678976 308.89485296572803 36.609540013346155
166.31267328 308.8947943946704 36.609982038068516
166.6285568 308.89474150121066 36.610442264989466
166.94444032 308.89466527691656 36.610846021492115
167.26032384 308.8946510334625 36.61130539935735
167.57620736 308.89471104055167 36.61164782410979
167.89209088 308.89488235930236 36.61201183069712
168.2079744 308.8949644950519 36.612352787793164
168.52385792 308.89497621701804 36.61272167906663
168.83974144 308.8950055296543 36.61308359618693
169.15562496 308.8950440553664 36.61361263662747
169.47150848 308.895040426167 36.61401392381178
169.787392 308.8950248482733 36.61439512162948
170.10327552 308.8951064111847 36.61484296640479
170.41915904 308.8950908355587 36.61526945704456
170.73504256 308.8951139049412 36.61576535024588
171.05092608 308.8951240361731 36.61647515062867
171.3668096 308.89508916356573 36.61700280973058
171.68269312 308.89505595628566 36.61748160575622
171.99857664 308.89498181801633 36.617910905415954
172.31446016 308.895024687383 36.618379983543136
172.63034368 308.895029494208 36.618853941209444
172.9462272 308.8949655542517 36.61930696780302
173.26211072 308.8948846113396 36.6198615767463
173.57799424 308.89484503281767 36.62024797196075
173.89387776 308.8949088051856 36.620612359539486
174.20976128 308.8949339332674 36.6209526359406
174.5256448 308.8949857696456 36.621342220118535
174.84152832 308.89498249823646 36.62172737442508
175.15741184 308.89493778884747 36.6222354994756
175.47329536 308.8949214328977 36.62263315966708
175.78917888 308.8949221098117 36.62304013755723
176.1050624 308.89502047547904 36.62345219145933
176.42094592 308.8950546581601 36.623894099586025
176.73682944 308.89508712711125 36.62433961481933
177.05271296 308.89491853844174 36.62495829633782
177.36859648 308.8948544359163 36.6254567542651
177.68448 308.8947198950306 36.625983168446396
178.00036352 308.894600645881 36.62643192411784
178.31624704 308.894578526831 36.626902051319504
178.63213056 308.89462285532767 36.62736773457784
178.94801408 308.89473024557196 36.628037683244344
179.2638976 308.8947734070817 36.62849069133487
179.57978112 308.89481143213493 36.62890921170087
179.89566464 308.89484885131134 36.62925345282052
180.21154816 308.894911258276 36.62960531620927
180.52743168 308.8949662654794 36.62994258399887
180.8433152 308.89502637205914 36.6302690633611
181.15919872 308.8950296497576 36.63079625234965
181.47508224 308.8949079630265 36.63117442593309
181.79096576 308.8948652421867 36.63159725480367
182.10684928 308.89478955805106 36.63201417256736
182.4227328 308.89484737029693 36.63245118303381
182.73861632 308.89484382853243 36.63292716175472
183.05449984 308.8947544431074 36.63357446286523
183.37038336 308.89467760448383 36.634114619072456
183.68626688 308.8946433480488 36.63461011468582
184.0021504 308.894635769022 36.63506433787279
184.31803392 308.8947287277021 36.63548743190296
184.63391744 308.8947943850246 36.635832216567216
184.94980096 308.8949179091719 36.63634683035623
185.26568448 308.89490059059756 36.636670481096814
185.581568 308.8948923546625 36.637005144718835
185.89745152 308.89484262608005 36.63730658841725
186.21333504 308.8948127765167 36.63762645182536
186.52921856 308.8948124731434 36.63800474497887
186.84510208 308.89476613018786 36.6383443150369
187.1609856 308.89488501774014 36.638898804515165
187.47686912 308.89498013478186 36.63930208318243
187.79275264 308.89500252573123 36.639753234780734
188.10863616 308.8950249052239 36.6402043959821
188.42451968 308.8950682931653 36.640641376408254
188.7404032 308.8951110967579 36.64104936052835
189.05628672 308.89517990099586 36.641634000266535
189.37217024 308.8951408662934 36.64207886642486
189.68805376 308.8950143203956 36.64254239799023
190.00393728 308.89491447348684 36.64305526651001
190.3198208 308.89481972478507 36.64355734723388
190.63570432 308.89481132538543 36.644028078555955
190.95158784 308.89478457308144 36.644633155243554
191.26747136 308.8947301205897 36.645110487614794
191.58335488 308.8946620157871 36.64557131872204
191.8992384 308.8946075320781 36.64600335872759
192.21512192 308.8945393915978 36.64637358170255
192.53100544 308.8946405768417 36.646778912626445
192.84688896 308.8947036807464 36.64718913355066
193.16277248 308.8948137468401 36.647671231585754
193.478656 308.8948165856468 36.64799720978785
193.79453952 308.8948370330099 36.64836151818749
194.11042304 308.89476768541505 36.64871908611437
194.42630656 308.8947108309525 36.64912578800375
194.74219008 308.8946698755521 36.64952910551002
195.0580736 308.89470030087466 36.65007355439681
195.37395712 308.89470932874383 36.65053744381492
195.68984064 308.8947018655517 36.65102104406658
196.00572416 308.8946654098135 36.65156586923074
196.32160768 308.894631213409 36.65209079821056
196.6374912 308.89466462954744 36.652578652976814
196.95337472 308.89470291311784 36.653121485138875
197.26925824 308.8947902902678 36.653555760562725
197.58514176 308.8947878651292 36.65398329954097
197.90102528 308.8947342807838 36.65438290918694
198.2169088 308.8947528599026 36.65479626827443
198.53279232 308.894756084196 36.655151396546636
198.84867584 308.8948079163645 36.65562016460364
199.16455936 308.8948366898333 36.65601194308482
199.48044288 308.89485238228104 36.65637090427901
199.7963264 308.8948646539955 36.65673707584015
200.11220992 308.89487805347676 36.657070635287305
200.42809344 308.894825513745 36.657437693940686
200.74397696 308.8948468432758 36.65786022868167
201.05986048 308.89486673984925 36.65842652046261
201.375744 308.89489713597624 36.65886008738284
201.69162752 308.89499970090037 36.65930740339992
202.00751104 308.8949721036864 36.65972745467737
202.32339456 308.89491720772224 36.66020514449338
202.63927808 308.8947645399913 36.660677801067344
202.9551616 308.89466895845317 36.661246126000336
203.27104512 308.8946850764579 36.66163421297234
203.58692864 308.8947602920961 36.66204855182892
203.90281216 308.8948070781788 36.66246248740226
