examples/vegas_59328_56190_J2035+36_0002_0001.pointing.ecsv
# %ECSV 0.9
# ---
# datatype:
# - {name: OFFS_SUB, datatype: float64}
# - {name: RA_SUB, datatype: float64}
# - {name: DEC_SUB, datatype: float64}
# schema: astropy-2.0
OFFS_SUB RA_SUB DEC_SUB
[from data line 965]
304.98553856 308.8948724987669 36.80274778812338
305.30142208 308.8949205767033 36.80319929519946
305.6173056 308.89492470155574 36.80368299127001
305.93318912 308.8948762853633 36.80421696868382
306.24907264 308.8947626495877 36.80478567996052
306.56495616 308.89475834926844 36.80519647065688
306.88083968 308.8947569678947 36.80557089537475
307.1967232 308.89476577786263 36.805969134062146
307.51260672 308.89471537955063 36.806341095700176
307.82849024 308.89477427295134 36.806754589302024
308.14437376 308.8947665842364 36.80712714044159
308.46025728 308.89481416592525 36.80765804494068
308.7761408 308.8947625042226 36.80806279946527
309.09202432 308.89470517444994 36.808449278258834
309.40790784 308.8947320849658 36.80886967087592
309.72379136 308.89480737407126 36.809308929730456
310.03967488 308.8948643645948 36.80977162394075
310.3555584 308.8948586007372 36.81041478290151
310.67144192 308.89477594246836 36.810884733845946
310.98732544 308.894688223122 36.811320028937004
311.30320896000006 308.8946530321645 36.81170504896595
311.61909248000006 308.89468046625336 36.81210912584218
311.93497600000006 308.8946913177025 36.81253302061159
312.25085952000006 308.89466615797204 36.813141403033065
312.56674304000006 308.8946769822073 36.81356531875345
312.88262656000006 308.89468851146296 36.81392733478403
313.19851008000006 308.8948083415142 36.814272594987976
313.51439360000006 308.89487411493394 36.81458071585686
313.83027712000006 308.8949255244269 36.81493418010817
314.14616064000006 308.8950002612919 36.81529889034445
314.46204416000006 308.89502482145934 36.81580239076395
314.77792768000006 308.89502425735066 36.81618978838028
315.09381120000006 308.89498892538234 36.81657490844544
315.40969472000006 308.8949581274652 36.81696556115257
315.72557824000006 308.8949420634751 36.81738555992394
316.04146176000006 308.8949299234642 36.81782747603278
316.35734528000006 308.89495527575883 36.81843487292802
316.67322880000006 308.89497947295484 36.81892100899609
316.98911232000006 308.8948948377491 36.819394775480156
317.30499584000006 308.8947868506659 36.81985731276143
317.62087936000006 308.8947513068993 36.820288040120175
317.93676288000006 308.89482629235675 36.82072753557172
318.25264640000006 308.8949147981113 36.82133767688074
318.56852992000006 308.89492062352343 36.82184731110359
318.88441344000006 308.89486845098276 36.82229789485125
319.20029696000006 308.89474120565177 36.822680091502306
319.51618048000006 308.89468702016825 36.82301408638018
319.83206400000006 308.89474447748574 36.82336961161326
320.14794752000006 308.8947915950586 36.82385540803445
320.46383104000006 308.8948387149076 36.824232672193766
320.77971456000006 308.8948698570723 36.824613374785365
321.09559808000006 308.8948912858214 36.82499942104323
321.41148160000006 308.89493039045317 36.82537842332525
321.72736512000006 308.89498827873024 36.825763148116415
322.04324864000006 308.8950312960615 36.826164078776074
322.35913216000006 308.8950221893657 36.82675304348794
322.67501568000006 308.8950182661464 36.82722259907186
322.99089920000006 308.894977236278 36.82770989023986
323.30678272000006 308.8949304231423 36.828224443018186
323.62266624000006 308.8948226665283 36.82871633607428
323.93854976000006 308.8947856484383 36.82918002852832
324.25443328000006 308.8947341830122 36.82979766555559
324.57031680000006 308.89474786886876 36.83026023179934
324.88620032000006 308.8947382019408 36.83071156644922
325.20208384000006 308.8947092339543 36.83112803727883
325.51796736000006 308.8946838129811 36.83149172588164
325.83385088000006 308.8946710314676 36.831813682915175
326.14973440000006 308.89477153771094 36.83226213918787
326.46561792000006 308.8948824389383 36.83258028308783
326.78150144000006 308.8949726945848 36.8329418898253
327.09738496000006 308.8949968481049 36.83329169583133
327.41326848000006 308.8949804517875 36.83366648210485
327.72915200000006 308.89488701796466 36.83406758920106
328.04503552000006 308.8948078221878 36.83446889356277
328.36091904000006 308.89481965465774 36.83499824403013
328.67680256000006 308.8948109474557 36.83546245657395
328.99268608000006 308.89480099906035 36.83595946313431
329.30856960000006 308.8948183112337 36.8364896414737
329.62445312000006 308.89484015658655 36.83702535770367
329.94033664000006 308.8948774703483 36.83752848782056
330.25622016000005 308.8948378489947 36.83807546009049
330.57210368000005 308.8948622377992 36.8385000813751
330.88798720000005 308.89488034959476 36.83892280618923
331.20387072000005 308.8949184776974 36.8393184678031
331.51975424000005 308.8949006925467 36.83972615683232
331.83563776000005 308.8948681542363 36.840104500777315
332.15152128000005 308.8947864202912 36.84058902640461
332.46740480000005 308.89478359100775 36.84093497554249
332.78328832000005 308.89481834668527 36.84129236227002
333.09917184000005 308.8948844218406 36.84165928159382
333.41505536000005 308.8949487665023 36.842029830440126
333.73093888000005 308.8949150538269 36.84239544964099
334.04682240000005 308.89483328185077 36.84281694426072
334.36270592000005 308.89480991199576 36.84338980018076
334.67858944000005 308.8948671983471 36.84382043758854
334.99447296000005 308.89493466880924 36.84427491241887
335.31035648000005 308.8949535901474 36.84475609797809
335.62624000000005 308.89484642851534 36.845261153207076
335.94212352000005 308.89475571379216 36.84579195457277
336.25800704000005 308.89462717424425 36.84642001463974
336.57389056000005 308.8946027930865 36.84687151218726
336.88977408000005 308.8945688222354 36.8472827916094
337.20565760000005 308.894637926835 36.8477337131399
337.52154112000005 308.8946871175882 36.84816615368841
337.83742464000005 308.8947460058503 36.848593261681685
338.15330816000005 308.89478487661626 36.849065010836505
338.46919168000005 308.89484338666637 36.84941739329936
338.78507520000005 308.8948916927134 36.8497459505814
339.10095872000005 308.89499466738465 36.85009528401249
339.41684224000005 308.8950600329642 36.85043319288816
339.73272576000005 308.89508951025925 36.85075605364581
340.04860928000005 308.89506501103415 36.85122520692414
340.36449280000005 308.8950121099785 36.85163086351445
340.68037632000005 308.8949830263782 36.85207694862634
340.99625984000005 308.89496364005345 36.85251770107643
341.31214336000005 308.89500360225054 36.852939186075766
341.62802688000005 308.89497103957217 36.85339254623402
341.94391040000005 308.8949303402615 36.853893211706236
342.25979392000005 308.89481042466144 36.85457815530853
342.57567744000005 308.894738978524 36.8550529195032
342.89156096000005 308.89474286006924 36.855504977578725
343.20744448000005 308.8947520315587 36.85590059355015
343.52332800000005 308.8948061636144 36.85632233132018
343.83921152000005 308.8947803964752 36.8567612660193
344.15509504000005 308.89470809698315 36.857315642329255
344.47097856000005 308.89472927172187 36.85768592493051
344.78686208000005 308.89476076686503 36.85803446947358
345.10274560000005 308.894801342583 36.85839407985558
345.41862912000005 308.89482358744203 36.85877716226697
345.73451264000005 308.8948851472963 36.859168059448315
346.05039616000005 308.89494746783237 36.859680500362046
346.36627968000005 308.89499819071625 36.86006398022303
346.68216320000005 308.89501053751025 36.86049802483706
346.99804672000005 308.89501191929094 36.860970229222495
347.31393024000005 308.89498367363126 36.861429292456464
347.62981376000005 308.8949793845531 36.861883207168916
347.94569728000005 308.89502364311704 36.86231041051869
348.26158080000005 308.89494878680824 36.86288497074343
348.57746432000005 308.89481896297457 36.86334639961289
348.89334784000005 308.89476089254174 36.86383795192385
349.20923136000005 308.89476404889933 36.864261012645024
349.52511488000005 308.89479068523144 36.864649737635744
349.84099840000005 308.89478769434874 36.865025318916736
350.15688192000005 308.8947332594959 36.86560204680111
350.47276544000005 308.8946700984531 36.866058933857026
350.78864896000005 308.894689173425 36.86647860082741
351.10453248000005 308.8946947456543 36.86683609142552
351.42041600000005 308.8947664317863 36.86720539169309
351.73629952000005 308.8948381079612 36.86757469901333
352.05218304000005 308.8949051568245 36.86812207355943
352.36806656000005 308.89490786090516 36.86847043946188
352.68395008000005 308.8949049094179 36.86880049976598
352.99983360000004 308.8948579244613 36.86916282575061
353.31571712000004 308.8948330311284 36.86956922129014
353.63160064000004 308.89483195185323 36.87001606215566
353.94748416000004 308.89485765629047 36.87046690796876
354.26336768000004 308.8948743041292 36.87104471708408
354.57925120000004 308.8948816524419 36.87151905888022
354.89513472000004 308.8948408924914 36.872049333024584
355.21101824000004 308.89480279301347 36.872634375968055
355.52690176000004 308.8948088557672 36.873141567052095
355.84278528000004 308.8948738179751 36.87360028018231
356.15866880000004 308.8948911379102 36.87411615831809
356.47455232000004 308.89492598011105 36.874532545930165
356.79043584000004 308.8948633366732 36.87492761383512
357.10631936000004 308.8948019300969 36.87528987018437
357.42220288000004 308.8948165102456 36.8756129840665
357.73808640000004 308.8949030079813 36.87592061644691
358.05396992000004 308.8950054779243 36.87636286470257
358.36985344000004 308.89501940068305 36.87670240980592
358.68573696000004 308.89498128812204 36.87707595117283
359.00162048000004 308.89493579720886 36.87743481007974
359.31750400000004 308.89494264112005 36.877834489446116
359.63338752000004 308.8949620113639 36.87823798771343
359.94927104000004 308.89503243884883 36.878853200468704
360.26515456000004 308.89504880784466 36.87929316888137
360.58103808000004 308.8950320970893 36.87972724577468
360.89692160000004 308.8949816799963 36.880171843601865
361.21280512000004 308.8949226314782 36.8806345847692
361.52868864000004 308.89481153939937 36.88113133067983
361.84457216000004 308.89473632357016 36.88164314714483
362.16045568000004 308.89470162853286 36.8822680458223
362.47633920000004 308.8947116391087 36.88270617768309
362.79222272000004 308.89469577894425 36.883198723994084
363.10810624000004 308.8946181552418 36.88373062726951
363.42398976000004 308.8945576013075 36.88427188562469
363.73987328000004 308.89457884744024 36.88474669562346
364.05575680000004 308.89470595182206 36.88524238386011
364.37164032000004 308.8947440998655 36.885606123413325
364.68752384000004 308.89478223759113 36.88596987002906
365.00340736000004 308.8947354140988 36.88631610770679
365.31929088000004 308.8947045668421 36.886658908473464
365.63517440000004 308.8946788815405 36.886990833700594
365.95105792000004 308.894778001786 36.88746979839312
366.26694144000004 308.89488160007994 36.8878617976123
366.58282496000004 308.8949402051986 36.88822767747667
366.89870848000004 308.8948903328939 36.88861041949615
367.21459200000004 308.8948391923502 36.88902600216196
367.53047552000004 308.89477314739 36.88945782688457
367.84635904000004 308.89469376104415 36.88994788902458
368.16224256000004 308.8947331916675 36.89065793733183
368.47812608000004 308.8948128725348 36.8911756166414
368.79400960000004 308.89486872006205 36.89165284945792
369.10989312000004 308.89483379572647 36.892139878045086
369.42577664000004 308.8947385128775 36.89258781635435
369.74166016000004 308.89464212093316 36.893022974624
370.05754368000004 308.89462002658826 36.89351513274079
370.37342720000004 308.89470373372893 36.89384311015589
370.68931072000004 308.89478461131057 36.894161931581934
371.00519424000004 308.89487457004645 36.894491826516955
371.32107776000004 308.894903543775 36.894799043851044
371.63696128000004 308.89492434840065 36.895153618797565
371.95284480000004 308.89495922690435 36.89564656574688
372.26872832000004 308.8950025674687 36.896074457505584
372.58461184000004 308.8950071808494 36.89647813318837
372.90049536000004 308.8950442289157 36.896904136126345
373.21637888000004 308.89503156812964 36.89734411462044
373.53226240000004 308.8949304806273 36.89777384461291
373.84814592000004 308.8947827591292 36.89839412791763
374.16402944000004 308.8947618938859 36.89888149436129
374.47991296000004 308.8947353763826 36.89935054445285
374.79579648000004 308.8947717184038 36.89979302543926
375.11168000000004 308.8948259339502 36.900182804454246
375.42756352000004 308.8948219789276 36.900559069799755
375.74344704000004 308.89481691868605 36.90092254998036
376.05933056000003 308.89481035061266 36.90145710263167
376.37521408000003 308.8948243697664 36.901901169652675
376.69109760000003 308.89490642986715 36.902307776166154
377.00698112000003 308.89493267527246 36.90268081749245
377.32286464000003 308.8950347904524 36.9030603106826
377.63874816000003 308.8950052104544 36.90339979306838
377.95463168000003 308.8949076480184 36.90382371208169
378.27051520000003 308.89488350990234 36.904227179769684
378.58639872000003 308.89481937688305 36.90463927492479
378.90228224000003 308.89484302341435 36.90507805784134
379.21816576000003 308.8949209100085 36.9055084116124
379.53404928000003 308.8949715159503 36.90590556204098
379.84993280000003 308.8949365096936 36.906514748553164
380.16581632000003 308.8949489449476 36.90703741610546
380.48169984000003 308.89489629811084 36.90756109245612
380.79758336000003 308.8948989847164 36.90808913568128
381.11346688000003 308.89484821079174 36.90856355896391
381.42935040000003 308.8948334985973 36.909007410048574
381.74523392000003 308.8948228600186 36.909427584828805
382.06111744000003 308.8947615536745 36.910016448478636
382.37700096000003 308.89467327177067 36.91043383193349
382.69288448000003 308.89464832405054 36.91085385474274
383.00876800000003 308.89468797962553 36.911243663740215
383.32465152000003 308.8947271662332 36.91160425746978
383.64053504000003 308.8948325093834 36.91197665436024
383.95641856000003 308.894825890331 36.912420197215646
384.27230208000003 308.89482005068226 36.91275467710272
384.58818560000003 308.8948596502744 36.91314452471367
384.90406912000003 308.8949293274634 36.91357676351561
385.21995264000003 308.89493846199167 36.91401554805225
385.53583616000003 308.8949841226227 36.91445297832199
385.85171968000003 308.8949494299158 36.91504597881579
386.16760320000003 308.89489908340516 36.91550412896929
386.48348672000003 308.8947830098155 36.91597971951584
386.79937024000003 308.89466456007887 36.91647538013213
387.11525376000003 308.8945956349451 36.917002726453056
387.43113728000003 308.894626133648 36.917502120650454
387.74702080000003 308.8946740687792 36.917919558818326
388.06290432000003 308.8947112425357 36.91849712578764
388.37878784000003 308.89470597777654 36.91893582806812
388.69467136000003 308.89469570094695 36.91933977369498
389.01055488000003 308.8947584948105 36.91974099808859
389.32643840000003 308.89483791248 36.92012234904418
389.64232192000003 308.89489223181795 36.92049608426896
389.95820544000003 308.8948525008568 36.921008822777345
390.27408896000003 308.8948429834263 36.92135071801269
390.58997248000003 308.8948185471882 36.92170887092093
390.905856 308.89486027624923 36.92207882584695
391.22173952 308.8948533610352 36.92247557341267
391.53762304 308.89483716080645 36.9229069180881
391.85350656 308.89483305616494 36.92348045228838
392.16939008 308.89487237335527 36.923870504092804
392.4852736 308.8948740457491 36.9242491287623
392.80115712 308.89484825260405 36.92464020198739
393.11704064 308.8948079901508 36.92507676974664
393.43292416 308.89481143683446 36.925572354148784
393.74880768 308.894905227862 36.926196518812006
394.0646912 308.894922201802 36.92658816818157
394.38057472 308.89487317031114 36.92692236244857
394.69645824 308.89482112372 36.92729306283768
395.01234176 308.8947768785853 36.92770771437848
395.32822528 308.8947531670107 36.928124459912006
395.6441088 308.8948254494262 36.9285204984608
395.95999232 308.89488314721353 36.92900910035564
396.27587584 308.894925769702 36.92939199470828
396.59175936 308.89495065231813 36.92978198156612
396.90764288 308.8949623394045 36.93018459947561
