examples/vegas_59328_56190_J2035+36_0002_0001.pointing.ecsv
# %ECSV 0.9
# ---
# datatype:
# - {name: OFFS_SUB, datatype: float64}
# - {name: RA_SUB, datatype: float64}
# - {name: DEC_SUB, datatype: float64}
# schema: astropy-2.0
OFFS_SUB RA_SUB DEC_SUB
[from data line 1258]
397.53940992 308.89498740795466 36.93098622687737
397.85529344 308.8950119926834 36.931589582211444
398.17117696 308.8950158884945 36.93206887669056
398.48706048 308.8949684995773 36.93252013049841
398.802944 308.89495719885065 36.932940785261366
399.11882752 308.89491496965456 36.93338115955244
399.43471104 308.894903453535 36.93384750906731
399.75059456 308.89484600282213 36.934517521599176
400.06647808 308.8947944497648 36.9349925288866
400.3823616 308.8947917257513 36.935395067801764
400.69824512 308.8947697228904 36.93576265501033
401.01412864 308.8947470683591 36.93614668728229
401.33001216 308.89474584532155 36.93659129759949
401.64589568 308.8947251496212 36.93704663735266
401.9617792 308.8947719877332 36.9376029278644
402.27766272 308.89486867226094 36.937977525150224
402.59354624 308.8949037001531 36.93834587581713
402.90942976 308.89491080756414 36.938697437517014
403.22531328 308.8948298802052 36.93906800712673
403.5411968 308.8947854947064 36.93943721404375
403.85708032 308.89479479441076 36.939936449632846
404.17296384 308.894855750027 36.94037095450066
404.48884736 308.89484230162964 36.94084108914692
404.80473088 308.8948556644117 36.941315223674486
405.1206144 308.8948501940349 36.94178364994287
405.43649792 308.8948920855596 36.94225816008362
405.75238144 308.8949236180874 36.94287653962506
406.06826496 308.8949133648886 36.94338514675435
406.38414848 308.89489400930455 36.94388268493273
406.700032 308.8948681211219 36.94430338878681
407.01591552 308.8948926111633 36.9446936582489
407.33179904 308.89485153493814 36.9450557020357
407.64768256 308.8947838685448 36.9456107794864
407.96356608 308.8947566430446 36.94606440372026
408.2794496 308.894777425397 36.94650766856689
408.59533312 308.89479167935775 36.94687409207469
408.91121664 308.8948002918274 36.9472221740443
409.22710016 308.89472495683464 36.94756556201298
409.54298368 308.89467579293694 36.94792938976045
409.8588672 308.8947704577387 36.94842990368674
410.17475072 308.8948114809162 36.94880035468442
410.49063424 308.8948929544974 36.949191423725885
410.80651776 308.8949361279735 36.94958750786668
411.12240128 308.89495246373383 36.94997961006804
411.4382848 308.8949123191563 36.95035456568706
411.75416832 308.8948264647974 36.9508419296416
412.07005184 308.894835199311 36.951265040739834
412.38593536 308.89489974776745 36.95172175963088
412.70181888 308.8948595838639 36.952217405716446
413.0177024 308.89485986901036 36.95273367412809
413.33358592 308.89479068103554 36.953199730562886
413.64946944 308.89483801617894 36.953769259778895
413.96535296 308.8948544747301 36.95423640104336
414.28123648 308.89486898544607 36.95475288991192
414.59712 308.8948339310313 36.95523769464356
414.91300352 308.89480144568984 36.95565672363879
415.22888704 308.89476634046605 36.95602088001663
415.54477056 308.894760429409 36.956368950671454
415.86065408 308.89476631151166 36.95685943240819
416.1765376 308.8947722791644 36.957227778614886
416.49242112 308.8947661240121 36.95762157947968
416.80830464 308.89475130590847 36.95803356517977
417.12418816 308.89473712250214 36.95842911129932
417.44007168 308.8947378545934 36.958808393975126
417.7559552 308.89469604758244 36.959338575993236
418.07183872 308.89471190772593 36.95977657600601
418.38772224 308.8947716821896 36.96022792753852
418.70360576 308.8948353431967 36.960701278465464
419.01948928 308.89486177811494 36.96119246424798
419.3353728 308.89486028595576 36.96166685772508
419.65125632 308.89479998945404 36.96222065679057
419.96713984 308.89476924578867 36.96259047921324
420.28302336 308.89474000954976 36.96300238681755
420.59890688 308.89475858605084 36.9634496379213
420.9147904 308.89477758617585 36.96392616239797
421.23067392 308.8947660575359 36.964331000055246
421.54655744 308.894826574508 36.96472027595873
421.86244096 308.89492368997 36.96518466184933
422.17832448 308.8949833141888 36.96551542256137
422.494208 308.89499770304815 36.96586574868907
422.81009152 308.8950382663585 36.96623652134781
423.12597504 308.8950889908265 36.96663120140121
423.44185856 308.8951163331531 36.96701462786769
423.75774208 308.8950915307472 36.96750866032846
424.0736256 308.89507426859 36.96789521290964
424.38950912 308.89505115220663 36.968309135329804
424.70539264 308.8949827949383 36.96874262795516
425.02127616 308.89495640754257 36.96923883167579
425.33715968 308.8949207011933 36.96976968222167
425.6530432 308.89484905001683 36.970482691965486
425.96892672 308.8947055388705 36.97096834660263
426.28481024 308.89464663212055 36.97144224848031
426.60069376 308.89460372723823 36.9719126989178
426.91657728 308.89466122688066 36.97241365838236
427.2324608 308.89472347798727 36.97287444514649
427.54834432 308.8947577717804 36.97339495646755
427.86422784 308.89475031572437 36.97373052357919
428.18011136 308.894720776891 36.97402192533879
428.49599488 308.8947072439646 36.97430987062612
428.8118784 308.8947519192491 36.97461134029712
429.12776192 308.89481346135824 36.97496790056467
429.44364544 308.8948886269291 36.97534109829055
429.75952896 308.8949072307643 36.97589441430601
430.07541248 308.8948856215673 36.97630485907014
430.391296 308.89491421178536 36.97673056235487
430.70717952 308.894949067147 36.97715818025007
431.02306304 308.8949947322225 36.97759325662663
431.33894656 308.8949607294183 36.97807493081904
431.65483008 308.8949106046369 36.978757368087635
431.9707136 308.89487245546076 36.97926279876356
432.28659712 308.89483170439723 36.9797133236367
432.60248064 308.89480025369994 36.980129211015985
432.91836416 308.8947638186394 36.98051028490113
433.23424768 308.89476935223075 36.9809540845677
433.5501312 308.89481914212803 36.98151707654468
433.86601472 308.8948112404098 36.981898526130934
434.18189824 308.89484229388626 36.98225850383832
434.49778176 308.89477853116284 36.98260635237036
434.81366528 308.89477428742543 36.982934808619426
435.1295488 308.8948174367163 36.983269339097504
435.44543232000007 308.89495538336035 36.98361601166349
435.76131584000007 308.89503906524016 36.984122770971325
436.07719936000007 308.89505488558115 36.984544817826496
436.39308288000007 308.89500553787093 36.98496790776825
436.70896640000007 308.8949254461339 36.98536501433759
437.02484992000007 308.89492867695805 36.985783273555676
437.34073344000007 308.8949325501476 36.986185080467536
437.65661696000006 308.89493773906753 36.98682635827178
437.97250048000006 308.89487962727264 36.98738846009737
438.28838400000006 308.89480374825314 36.98795767729068
438.60426752000006 308.89477094740323 36.988481683208825
438.92015104000006 308.8947509181675 36.98896376678936
439.23603456000006 308.89474343107656 36.98944967297046
439.55191808000006 308.8947262142273 36.99009259546699
439.86780160000006 308.89472736313286 36.990560329832334
440.18368512000006 308.8947670510624 36.99097730122234
440.49956864000006 308.89478531550384 36.991333628383
440.81545216000006 308.8948105020515 36.99167540594887
441.13133568000006 308.89476034719354 36.99199431320758
441.44721920000006 308.894771224577 36.99233592990436
441.76310272000006 308.89487822088637 36.992808414091854
442.07898624000006 308.8949131075098 36.993144847320444
442.39486976000006 308.89492652805933 36.99354142266983
442.71075328000006 308.89486610382403 36.99395724169499
443.02663680000006 308.89477708917514 36.99437272239577
443.34252032000006 308.8947714065988 36.99480935613768
443.65840384000006 308.8948343204451 36.9953893529688
443.97428736000006 308.8948391974009 36.995879214171374
444.29017088000006 308.8948078923955 36.996399762251876
444.60605440000006 308.8947451842481 36.996910788932794
444.92193792000006 308.89465411912823 36.99737572374376
445.23782144000006 308.8946234831022 36.99775903305153
445.55370496000006 308.8946211793884 36.99821933927673
445.86958848000006 308.89464528620846 36.99862346382415
446.18547200000006 308.8946418784361 36.999040076456616
446.50135552000006 308.89465860799066 36.99942948398955
446.81723904000006 308.89472794335387 36.99981404432495
447.13312256000006 308.89482716412533 37.000166024137975
447.44900608000006 308.8948882105872 37.00062898703063
447.76488960000006 308.8949055520242 37.00100195849174
448.08077312000006 308.8949674887346 37.001371815333606
448.39665664000006 308.8950175166044 37.00172139846183
448.71254016000006 308.89503937066775 37.00209993775384
449.02842368000006 308.8950337079854 37.00249096645897
449.34430720000006 308.8949998693808 37.002910953346074
449.66019072000006 308.89497219211216 37.003484585159335
449.97607424000006 308.89496690779185 37.00390493717584
450.29195776000006 308.8949815229491 37.004343845402744
450.60784128000006 308.8949543275017 37.004795073114394
450.92372480000006 308.8948959007712 37.00531184165962
451.23960832000006 308.89480995233464 37.00584110494511
451.55549184000006 308.89478126867147 37.00647705089122
451.87137536000006 308.8947633493107 37.00689364688061
452.18725888000006 308.8947726835862 37.00734353564798
452.50314240000006 308.89477093920505 37.00783174887034
452.81902592000006 308.89471482278253 37.00832847174358
453.13490944000006 308.89466348142156 37.00878498198147
453.45079296000006 308.89463022123505 37.00929461820677
453.76667648000006 308.89460751119134 37.00963064869527
454.08256000000006 308.8946148652253 37.01000916093173
454.39844352000006 308.89466054252955 37.010382648652254
454.71432704000006 308.8947313255854 37.010763769772495
455.03021056000006 308.8948142425188 37.011119408991064
455.34609408000006 308.89487310776246 37.01148025882226
455.66197760000006 308.8949356619562 37.012014923846
455.97786112000006 308.89496327350395 37.01244133560061
456.29374464000006 308.8949921954582 37.0128348106062
456.60962816000006 308.8949730207948 37.01323870252267
456.92551168000006 308.894972011094 37.01366479525978
457.24139520000006 308.8949577698392 37.01410355625521
457.55727872000006 308.8948566334066 37.01475535506294
457.87316224000006 308.89479039262045 37.01518252622596
458.18904576000006 308.8948088299413 37.015597903325315
458.50492928000006 308.8948565059656 37.01599715754207
458.82081280000006 308.8949178037429 37.01641306486006
459.13669632000006 308.8949034863141 37.01685188113065
459.45257984000006 308.89479125757174 37.017421215881036
459.76846336000006 308.8947841041666 37.01779970249164
460.08434688000006 308.89484932684775 37.018116795243316
460.40023040000005 308.8949595706492 37.018460073472156
460.71611392000005 308.89504964118913 37.01883058825567
461.03199744000005 308.89507624241304 37.01919851828008
461.34788096000005 308.89500250858663 37.01971709947605
461.66376448000005 308.89493289904823 37.020105873398315
461.97964800000005 308.8948632773274 37.020494655226884
462.29553152000005 308.89488544156 37.02093216462908
462.61141504000005 308.89489049049195 37.021360319942126
462.92729856000005 308.8948383453888 37.02178779979348
463.24318208000005 308.8948357635329 37.02224701918022
463.55906560000005 308.8948698969071 37.02288602930734
463.87494912000005 308.8948819911997 37.023374753075245
464.19083264000005 308.8948739054554 37.023890721361695
464.50671616000005 308.89488837486016 37.02435934452128
464.82259968000005 308.89490283225393 37.024827976945026
465.13848320000005 308.8948886848302 37.02529627737703
465.45436672000005 308.89480206347014 37.025932096493555
465.77025024000005 308.8946763210467 37.026408247748286
466.08613376000005 308.8946428824567 37.02684154584933
466.40201728000005 308.89468010174346 37.027217075459625
466.71790080000005 308.8947169036122 37.02756329707906
467.03378432000005 308.89479244902844 37.027933801814626
467.34966784000005 308.89474550958 37.02841079325678
467.66555136000005 308.8947408626252 37.028798678531956
467.98143488000005 308.8946660481692 37.02915276007427
468.29731840000005 308.89469972670895 37.029535620910885
468.61320192000005 308.894768010134 37.0299665337325
468.92908544000005 308.8948174410813 37.03039173426371
469.24496896000005 308.8948410729688 37.03082579632285
469.56085248000005 308.894799116293 37.03141284556908
469.87673600000005 308.8947509696547 37.03189187707912
470.19261952000005 308.8946525642227 37.032355664020535
470.50850304000005 308.89458621496806 37.03281251340374
470.82438656000005 308.8946010985172 37.03326484124518
471.14027008000005 308.8946173029516 37.0336842142658
471.45615360000005 308.89465368103464 37.0342576136831
471.77203712000005 308.8946862980247 37.0347028524537
472.08792064000005 308.89474816774896 37.03513195686418
472.40380416000005 308.89478730646215 37.035533315476364
472.71968768000005 308.89488950795374 37.03590794558792
473.03557120000005 308.894923275588 37.03624512420038
473.35145472000005 308.8950559036336 37.03667681037597
473.66733824000005 308.8951241256091 37.03698692644721
473.98322176000005 308.8951013310973 37.037306963147785
474.29910528000005 308.8950301506722 37.03768323717596
474.61498880000005 308.89491084805144 37.038069943103544
474.93087232000005 308.89484846453325 37.03850314336204
475.24675584000005 308.8947968933652 37.03894381071474
475.56263936000005 308.89479511207753 37.03955172156881
475.87852288000005 308.8946793622544 37.04000631063776
476.19440640000005 308.89455985600017 37.04051400923902
476.51028992000005 308.8945341551698 37.0410209966069
476.82617344000005 308.8945691175349 37.041521381781514
477.14205696000005 308.8946912076753 37.0419898202765
477.45794048000005 308.8947808751595 37.04249626498781
477.77382400000005 308.8948592391982 37.04290556075331
478.08970752000005 308.8948650204185 37.04330117762953
478.40559104000005 308.8948226748528 37.04370722982103
478.72147456000005 308.8947450344638 37.04408171701569
479.03735808000005 308.8946736636425 37.0444581186989
479.35324160000005 308.8947359770718 37.044931312972075
479.66912512000005 308.8948208249429 37.045296746823176
479.98500864000005 308.8949297217887 37.04565697284513
480.30089216000005 308.8949751217864 37.04601462310233
480.61677568000005 308.8949884326753 37.04637923284065
480.93265920000005 308.8950094802135 37.046787929910636
481.24854272000005 308.8950813172609 37.04737676673082
481.56442624000005 308.8951079501449 37.047803877899334
481.88030976000005 308.8951419212132 37.0482457474753
482.19619328000005 308.8951294984291 37.04869441079542
482.51207680000005 308.89504488196894 37.049158729478
482.82796032000005 308.89489301030517 37.04967359010006
483.14384384000005 308.8948234613244 37.05019676378409
483.45972736000004 308.8947830182724 37.050885185227294
483.77561088000004 308.8947768088472 37.05133580690871
484.09149440000004 308.89474372007373 37.05178245528344
484.40737792000004 308.8946757307851 37.05222686924618
484.72326144000004 308.89459235850825 37.05265827966557
485.03914496000004 308.89459546327305 37.053074217282735
485.35502848000004 308.89469758696197 37.05353891668638
485.67091200000004 308.8947703259132 37.05388419527842
485.98679552000004 308.8948311623315 37.054209174822056
486.30267904000004 308.8948993381691 37.05454891250829
486.61856256000004 308.8949458519043 37.054873735820024
486.93444608000004 308.89492324890057 37.05517758719274
487.25032960000004 308.8948414742165 37.05566584671996
487.56621312000004 308.8947820522832 37.056092114473635
487.88209664000004 308.894768054934 37.056573925145116
488.19798016000004 308.8947756976439 37.05707066660896
488.51386368000004 308.89479763212137 37.05756758568624
488.82974720000004 308.89479588245126 37.058099072066106
489.14563072000004 308.8947515993848 37.05865940590504
489.46151424000004 308.8947259111547 37.05940692679535
489.77739776000004 308.8947341593414 37.0598872295417
490.09328128000004 308.89478345935515 37.06029651557082
490.40916480000004 308.89478557133725 37.060653918126604
490.72504832000004 308.89478312877236 37.06100577359815
491.04093184000004 308.89474897858827 37.06139393633615
491.35681536000004 308.89477059748816 37.06187622346259
491.67269888000004 308.8947928596403 37.06220638757919
491.98858240000004 308.89479693683757 37.0625143414055
492.30446592000004 308.89485968157805 37.06286516140122
