examples/vegas_59328_55419_J2035+36_0001_0001.pointing.ecsv
# %ECSV 0.9
# ---
# datatype:
# - {name: OFFS_SUB, datatype: float64}
# - {name: RA_SUB, datatype: float64}
# - {name: DEC_SUB, datatype: float64}
# schema: astropy-2.0
OFFS_SUB RA_SUB DEC_SUB
[from data line 647]
204.5345792 308.62479533148013 36.87908926901152
204.85046272 308.62550997565234 36.879120401581744
205.16634624 308.626040418694 36.87914020459062
205.48222976 308.6265880708334 36.87913741157779
205.79811328 308.6271704184492 36.87913666475595
206.1139968 308.62768968963013 36.87913362773251
206.42988032 308.62820264329207 36.87912878654026
206.74576384 308.6287265819401 36.87911529116527
207.06164736 308.6294488155377 36.87909749888046
207.37753088 308.6300042452864 36.87907727342632
207.6934144 308.6305441100355 36.87909190576809
208.00929792 308.631068045986 36.87907840758883
208.32518144 308.63155105888893 36.87907680532821
208.64106496 308.6320734369456 36.87906679175762
208.95694848 308.6327719553338 36.87903829282074
209.272832 308.63326750886375 36.879024548231754
209.58871552 308.63373156859484 36.87901753160059
209.90459904 308.63420368029125 36.87904032855297
210.22048256 308.6347341071055 36.87906012611282
210.53636608 308.63528027948195 36.87907655913482
210.8522496 308.635969629825 36.87910046911439
211.16813312 308.6364906225086 36.87912543471125
211.48401664 308.636988082592 36.87917119600659
211.79990016 308.6374789577063 36.87916790629472
212.11578368 308.6379887816192 36.8791700281061
212.4316672 308.6384953134566 36.87914762334617
212.74755072 308.63916855356774 36.87911189770621
213.06343424 308.6396734391084 36.879077227456854
213.37931776 308.64025905797683 36.879100995951944
213.69520128 308.6408271074599 36.879084365554434
214.0110848 308.64139351150135 36.87905547082754
214.32696832 308.64195368651474 36.87904052128405
214.64285184 308.6424728478237 36.87902171890933
214.95873536 308.6431793105069 36.87900727010477
215.27461888 308.64365131527984 36.87901431085759
215.5905024 308.6441105990825 36.87900199174041
215.90638592 308.64458415921973 36.87900554480404
216.22226944 308.645127198783 36.87902894496591
216.53815296 308.64563865515373 36.879043323384394
216.85403648 308.6463518596958 36.87910943187452
217.16992 308.6468933374813 36.87913631892953
217.48580352 308.6473986456297 36.87918039632791
217.80168704000002 308.64794946619173 36.87918636231025
218.11757056000002 308.6484876531347 36.8791887190927
218.43345408000002 308.64903691429987 36.87919817131343
218.74933760000002 308.6497291719235 36.87918359309823
219.06522112000002 308.6502435630602 36.87915949088864
219.38110464000002 308.6507863345944 36.87913563181185
219.69698816000002 308.6513496976264 36.87912945125792
220.01287168000002 308.6518956689312 36.87911436939113
220.32875520000002 308.65241334369443 36.87911479577192
220.64463872000002 308.65292937499174 36.87910295562477
220.96052224000002 308.6535995618985 36.87908993124173
221.27640576000002 308.6541140336913 36.879081576714405
221.59228928000002 308.6545969235564 36.87906419813746
221.90817280000002 308.6550703805037 36.87905198857047
222.22405632000002 308.65557861790563 36.87905758124003
222.53993984000002 308.6561153191848 36.87907917194923
222.85582336000002 308.6568141315587 36.87911364959694
223.17170688000002 308.6573445138035 36.87913343538526
223.48759040000002 308.6578607042717 36.87915309889204
223.80347392000002 308.6583531038555 36.87914630075617
224.11935744000002 308.6588581350055 36.87914311168477
224.43524096000002 308.659374156458 36.87913126432253
224.75112448000002 308.6600191477377 36.87912676609463
225.06700800000002 308.6605461588987 36.87910625928149
225.38289152000002 308.66105906129746 36.879101384890234
225.69877504000002 308.66162724952983 36.879116242270186
226.01465856000002 308.6622316106982 36.87911390554674
226.33054208000001 308.66280455471184 36.879134055197994
226.64642560000001 308.66330309934506 36.87909754476151
226.96230912000001 308.6639762194609 36.87904601700484
227.27819264000001 308.6644796025886 36.87903055307315
227.59407616000001 308.6649846251311 36.87902735702553
227.90995968000001 308.665488006956 36.87901189164942
228.2258432 308.6659852342168 36.87902613396866
228.54172672 308.66651707710747 36.87902666900043
228.85761024 308.66724736066294 36.87905440846718
229.17349376 308.6677950317032 36.87906733434478
229.48937728 308.66832531262264 36.87907135630063
229.8052608 308.66885715156496 36.87907188979517
230.12114432 308.6693416599091 36.879066762207685
230.43702784 308.66990975399915 36.8790658567441
230.75291136 308.6706414281436 36.879058590285325
231.06879488 308.67115111796795 36.87904492398926
231.3846784 308.6716434980068 36.87903811094738
231.70056192 308.67216270010016 36.87903503050442
232.01644544 308.6727070858151 36.879023412547745
232.33232896 308.6732829713586 36.8790050623318
232.64821248 308.6739341714333 36.878986590761734
232.964096 308.67442179108616 36.87897448037451
233.27997952 308.6749331142032 36.8789730796264
233.59586304 308.6754081006835 36.87895735684519
233.91174656 308.6759463232934 36.87897544803654
234.22763008 308.67644353089617 36.87898968282272
234.5435136 308.6769454937202 36.8790092114815
234.85939712 308.6776395709264 36.879054141338926
235.17528064 308.67815260283294 36.87908076968657
235.49116416 308.6786908190721 36.87909886032973
235.80704768 308.6792005743354 36.87910094523713
236.1229312 308.67970557251704 36.87909773531557
236.43881472 308.68019318218103 36.879085619021595
236.75469824 308.6808948163391 36.87906582189593
237.07058176 308.6814518210248 36.87905780608048
237.38646528 308.6819929207158 36.879021633630174
237.7023488 308.6825216183417 36.879029132277125
238.01823232 308.6830960085602 36.879030020950104
238.33411584 308.6836309438468 36.87902356321242
238.64999936 308.6843516722226 36.879040701392185
238.96588288 308.6848581470525 36.87901823521953
239.2817664 308.68536789291755 36.87902031407265
239.59764992 308.6858177523578 36.87902887948649
239.91353344 308.6863070646859 36.87904479102053
240.22941696 308.68680432687813 36.87907478159663
240.54530048 308.68730790328846 36.879106578185684
240.861184 308.6880271361495 36.87914296578528
241.17706752 308.68853709984086 36.87919233141681
241.49295104 308.6890958024092 36.879212345854526
241.80883456 308.6896560641254 36.87922887093038
242.12471808 308.6901877927292 36.879213623633305
242.4406016 308.6907052549031 36.87918248933034
242.75648512 308.6914147451023 36.87916099417078
243.07236864 308.69195746880825 36.879137082216864
243.38825216 308.69249870557627 36.87913242273132
243.70413568 308.69299246435685 36.87909057027029
244.0200192 308.6935146797794 36.87906472656231
244.33590272 308.69405591484315 36.87906006494168
244.65178624 308.69473233583255 36.8790487860295
244.96766976 308.69526093819235 36.87904051054284
245.28355328 308.69573277326805 36.87903174252635
245.5994368 308.6961983648141 36.8790369324302
245.91532032 308.6966797076902 36.87903875519305
246.23120384 308.69723520206213 36.879049978327686
246.54708736 308.69774499875325 36.87906781166255
246.86297088 308.69843745294065 36.87911622274827
247.1788544 308.69894100321835 36.87914801519328
247.49473792 308.69948237284603 36.87917488053193
247.81062144 308.7000111103298 36.879198132964724
248.12650496 308.7005175635165 36.87917564736981
248.44238848 308.70100194801523 36.87915472122919
248.758272 308.7017209288083 36.87914380237463
249.07415552 308.70226839480574 36.879125173294184
249.39003904 308.70282849111294 36.87911015660775
249.70592256 308.7034122872784 36.87910585569535
250.02180608 308.7039501727111 36.87906086412287
250.3376896 308.704469323745 36.87905775278114
250.65357312 308.70518503639283 36.879022274147864
250.96945664 308.70569943184705 36.87901386441767
251.28534016 308.70619331934455 36.8790035241371
251.60122368 308.7066730141783 36.87899305993635
251.9171072 308.70714007769726 36.87897898148778
252.23299072 308.7076734857387 36.8789917574364
252.54887424 308.7084067867167 36.87901248744209
252.86475776 308.7089103160577 36.87904427512325
253.18064128 308.7094390358349 36.87906752173013
253.4965248 308.7099693159374 36.87908727783416
253.81240832 308.71051378695074 36.87910715709788
254.12829184 308.7110313655092 36.879107530273465
254.44417536 308.7115758343797 36.87912740915526
254.76005888 308.71225995936544 36.87908288384173
255.0759424 308.71280741306515 36.87906424190189
255.39182592 308.7133423040446 36.87905775474251
255.70770944 308.71389138648715 36.87905139036808
256.02359296000003 308.71440583656505 36.87905874148167
256.33947648000003 308.7148918335759 36.879050075555156
256.65536000000003 308.7155665834345 36.879026487335935
256.97124352000003 308.71609515548295 36.87901818994165
257.28712704000003 308.71656709227614 36.879040939100435
257.60301056000003 308.7170168912437 36.87904947786265
257.91889408000003 308.71748889225233 36.87908799736811
258.23477760000003 308.71802390914564 36.879113047114885
258.55066112000003 308.7187478104286 36.879154715758034
258.86654464000003 308.71929226376847 36.879174590772294
259.18242816000003 308.71980989343865 36.87919072774822
259.49831168000003 308.7202990710259 36.87919084614077
259.81419520000003 308.7208338833513 36.87916858071101
260.13007872000003 308.7213655048034 36.87913752491404
260.44596224000003 308.72189556368227 36.87910995924387
260.76184576 308.72260337178955 36.879076133440876
261.07772928 308.7231161780343 36.87907119664586
261.3936128 308.72366055852075 36.87907529626801
261.70949632 308.724230133015 36.87907085271048
262.02537984 308.72479339185804 36.8790646012319
262.34126336 308.7253378347931 36.87908447234066
262.65714688 308.72598593698376 36.87910444765732
262.9730304 308.7264483472474 36.87911659399247
263.28891392 308.72694076840133 36.87914126904252
263.60479744 308.7274143717933 36.87919206815402
263.92068096 308.727894160082 36.879213128189214
264.23656448 308.72838345140906 36.87924478628327
264.552448 308.7290836885286 36.87929150340458
264.86833152 308.7296296834303 36.87930788230405
265.18421504 308.73019605784236 36.8792946441124
265.50009856 308.7307261052236 36.87926706767069
265.81598208 308.7312435857156 36.879251649303065
266.1318656 308.73178144712796 36.879206612516384
266.44774912 308.7325271906546 36.87919939138444
266.76363264 308.7330745552656 36.87916495126015
267.07951616 308.7336234827877 36.879127018296074
267.39539968 308.73415665437335 36.879092452294756
267.7112832 308.7346820723468 36.87909111980415
268.02716672 308.735235812932 36.87907425900617
268.34305024 308.7357722958288 36.87908003306013
268.65893376 308.73639036022104 36.87908746712189
268.97481728 308.73686531810046 36.87908744504467
269.2907008 308.73736709738336 36.879091162142174
269.60658432 308.73784055133007 36.87911040727777
269.92246784 308.73834714106766 36.87913520001681
270.23835136 308.73884434896894 36.87918094541751
270.55423488 308.73951941879926 36.87925197874471
270.8701184 308.7400795876584 36.87926847492162
271.18600192 308.7406318165985 36.87927087820207
271.50188544 308.74115409520635 36.879276525546906
271.81776896 308.74165574448546 36.87924868611901
272.13365248 308.74215576960773 36.879208560632975
272.449536 308.742854102907 36.87917987633271
272.76541952 308.74341095944874 36.87915602174102
273.08130304 308.7439377464969 36.879103855132186
273.39718656 308.74449297929266 36.8790677130799
273.71307008 308.74507828062104 36.87905988171743
274.0289536 308.7456099368202 36.879044568764066
274.34483712 308.74619367313176 36.879040228782756
274.66072064 308.74686054736884 36.87903405178721
274.97660416 308.74732285872244 36.879030402406926
275.29248768 308.7477946117142 36.8790215754959
275.6083712 308.74828217952216 36.87902515829715
275.92425472 308.74876824057884 36.87904801246591
276.24013824 308.7492859311662 36.8790956878535
276.55602176 308.7499608500507 36.879135160893156
276.87190528 308.75050837178765 36.879148033142236
277.1877888 308.75104494314 36.87918535487868
277.50367232 308.75158771235033 36.879192925555444
277.81955584 308.75211304391354 36.87917579751619
278.13543936 308.7526463110546 36.8791727644724
278.45132288 308.75336988551726 36.8791512962896
278.7672064 308.753906222816 36.87912549549272
279.08308992 308.75446155997116 36.87912090019173
279.39897344 308.754994824212 36.8791178645835
279.71485696 308.75551383779555 36.87909892336018
280.03074048 308.75606285850154 36.87909251772012
280.346624 308.7565960643672 36.8790736992467
280.66250752 308.75729599662304 36.87905727747838
280.97839104 308.7577582901897 36.87905361731646
281.29427456 308.75821901818694 36.87905344974389
281.61015808 308.7586813098962 36.879049788347636
281.9260416 308.75921467884297 36.879078311765134
282.24192512 308.75976380471053 36.87910346621674
282.55780864 308.7604717748409 36.87913270195946
282.87369216 308.7609924558415 36.87914182528445
283.18957568 308.7615163204361 36.87915974399476
283.5054592 308.7620432041967 36.879139110330016
283.82134272 308.7625638277758 36.879132449716714
284.13722624 308.76306707269435 36.87911686817796
284.45310976 308.76373067122194 36.87908608952495
284.76899328 308.7642812448562 36.8790761818652
285.0848768 308.7648160591953 36.8790696427723
285.40076032 308.76536350134256 36.87906672117553
285.71664384 308.76591412670604 36.87907259545945
286.03252736 308.76643479870467 36.87908171417924
286.34841088 308.76712855806477 36.879110820570624
286.6642944 308.7676397828262 36.879125117100024
286.98017792 308.76813681274893 36.87913928890858
287.29606144 308.7686007580826 36.879163692943926
287.61194496 308.7690251986729 36.879164951061476
287.92782848 308.76950808384134 36.8791947822648
288.243712 308.77004612478015 36.87921282058482
288.55959552 308.77080290914506 36.879228447887506
288.87547904 308.7713250317655 36.87920249966132
289.19136256 308.77186139986827 36.87919246039612
289.50724608 308.772393018768 36.87917711714813
289.8231296 308.7729672186887 36.879162146918624
290.13901312 308.77354611502915 36.879136693738104
290.45489664 308.7742585400254 36.87909229404761
290.77078016 308.7748027339061 36.87906478013638
291.08666368 308.77533273359927 36.8790371406495
291.4025472 308.77588016032115 36.87903420911518
291.71843072 308.7764212722518 36.879029467623624
292.03431424 308.7769151041196 36.87903483439543
292.35019776 308.7775944908951 36.87901644751451
292.66608128 308.77811201083153 36.8790325455803
292.9819648 308.7786153858182 36.879064305825715
293.29784832 308.7790682973118 36.87909737681689
293.61373184 308.77951640930434 36.87910935642203
293.92961536 308.78001346593385 36.879139307058495
294.24549888 308.7805104715123 36.879153470040045
294.5613824 308.78125788520333 36.879205842745726
294.87726592 308.78180216872437 36.879209896026616
295.19314944 308.7823211955219 36.879206710161455
295.50903296 308.78282441213577 36.87919110533313
295.82491648 308.7833575338684 36.8791564662308
296.1408 308.7838795938839 36.87911471183133
296.45668352 308.78457144840024 36.87905256794109
296.77256704 308.78508724280795 36.87902478969442
297.08845056 308.78563142524825 36.87899726022225
297.40433408 308.78615832831923 36.87899238376377
297.7202176 308.78673094625185 36.87898089174621
298.03610112 308.7873052257029 36.87899748311891
298.35198464 308.7880240429274 36.8789864441176
298.66786816 308.78853836257116 36.87899373528237
298.98375168 308.7890132316646 36.87899366127119
299.2996352 308.7894976412393 36.8790199867778
299.61551872 308.7899661943835 36.87901810191736
299.93140224 308.79043161312103 36.879023206626435
300.24728576 308.79092385269564 36.879032055965844
300.56316928 308.7916712832482 36.87910021524314
300.8790528 308.79222347755444 36.87911836477235
301.19493632 308.79278668515667 36.87912783865739
301.51081984 308.7933387850869 36.87911440572146
301.82670336 308.79386567548727 36.879109522728236
302.14258688 308.7943956532391 36.87908185724009
302.4584704 308.79513187552516 36.87909552678033
302.77435392 308.7956823602654 36.87906979483531
303.09023744 308.7961950078596 36.87904899236762
303.40612096 308.7967092673142 36.8790404855595
303.72200448 308.7972456915635 36.87906200222635
304.037888 308.79780101070094 36.87907315748401
304.35377152 308.79850409006906 36.87908126778996
