examples/vegas_59328_55419_J2035+36_0001_0001.pointing.ecsv
# %ECSV 0.9
# ---
# datatype:
# - {name: OFFS_SUB, datatype: float64}
# - {name: RA_SUB, datatype: float64}
# - {name: DEC_SUB, datatype: float64}
# schema: astropy-2.0
OFFS_SUB RA_SUB DEC_SUB
[from data line 2195]
693.52226816 309.47393916774007 36.87907994419457
693.83815168 309.47450443922315 36.87908183424522
694.1540352 309.4752423087867 36.87908774733155
694.46991872 309.4757680169561 36.879098120664864
694.78580224 309.4762148863964 36.8790935166857
695.10168576 309.4767169984064 36.87909300681569
695.41756928 309.47720783199503 36.87911723435367
695.7334528 309.477665689872 36.879119836863865
696.04933632 309.4783560770439 36.87913592773331
696.36521984 309.47888485750303 36.87915520395938
696.68110336 309.47942316049114 36.879169248941146
696.99698688 309.47997406491726 36.879186968087424
697.3128704 309.4805044532564 36.87920270951414
697.62875392 309.4810428970832 36.87920077964009
697.94463744 309.48155921377014 36.879200405878066
698.26052096 309.48232255991985 36.879181712085604
698.57640448 309.48286891393826 36.87917808333991
698.892288 309.4833773154476 36.87917940464823
699.20817152 309.4838857160554 36.87918072542957
699.52405504 309.4843941157613 36.87918204568392
699.83993856 309.4849529238338 36.87919806466086
700.15582208 309.4856910599296 36.879172016059336
700.4717056 309.48617102905496 36.879173053683125
700.78758912 309.4866509972172 36.8791740907302
701.10347264 309.4871183621886 36.87917145220304
701.41935616 309.48760448365334 36.87919030141521
701.73523968 309.48813822715925 36.879182991977174
702.0511232 309.4888243374831 36.87914577146341
702.36700672 309.4893375645361 36.87913648218974
702.68289024 309.4898570919515 36.87912902982534
702.99877376 309.4904144249343 36.87913260260357
703.31465728 309.4909402518928 36.879126986697436
703.6305408 309.4914583120636 36.8791070904426
703.94642432 309.4919606927858 36.87907461056374
704.26230784 309.492645186543 36.87904091605537
704.57819136 309.49318361284605 36.87903897235046
704.89407488 309.4936792484236 36.87905258368714
705.2099584 309.49422866274097 36.87905784953611
705.52584192 309.49478437714066 36.879064952793456
705.84172544 309.49535284059226 36.879059753502695
706.15760896 309.49606340421025 36.8791097590882
706.47349248 309.49658585001185 36.87912718521602
706.789376 309.49706887673256 36.87913711886261
707.10525952 309.4975236225303 36.87913079226006
707.42114304 309.4980226226077 36.87912135187368
707.73702656 309.49853099882364 36.879122657057245
708.05291008 309.4992197221972 36.8791422602907
708.3687936 309.49973117194804 36.87915247293265
708.68467712 309.5002521466639 36.879157452649004
709.00056064 309.50081913821396 36.87913980427957
709.31644416 309.5013703023461 36.87912554971869
709.63232768 309.50194989463733 36.87911157603834
709.9482112 309.5026545871481 36.8791118014355
710.26409472 309.5031568053962 36.87909528399731
710.57997824 309.5036874518416 36.87907904740008
710.89586176 309.50422908650916 36.87907002186555
711.21174528 309.5047660326124 36.8790556219535
711.5276288 309.50530766603845 36.87904659506647
711.84351232 309.50581764409833 36.87904435689177
712.15939584 309.5065032758807 36.87905504239582
712.47527936 309.50699419838975 36.87906326900358
712.79116288 309.5075103227396 36.879078848418615
713.1070464 309.50796343875794 36.87907604425723
713.42292992 309.5084433697643 36.87907705707332
713.73881344 309.50892783548113 36.87909942493801
714.05469696 309.5096430446073 36.87915479805912
714.37058048 309.51014333486404 36.879173770889906
714.686464 309.5106801193565 36.87917534612118
715.00234752 309.511188626242 36.879160656784975
715.31823104 309.5116953665735 36.87916548477442
715.63411456 309.51221647335905 36.87915447098988
715.94999808 309.5128960931212 36.87913134607638
716.2658816 309.51342349908157 36.879122169071536
716.58176512 309.5139463705181 36.87909163395325
716.8976486399999 309.51448945011185 36.87909504335913
717.21353216 309.5150373694597 36.879087843980614
717.5294156799999 309.51561663733776 36.87910582035607
717.8452992 309.5161929846501 36.8790989022615
718.1611827199999 309.51688035859837 36.879090056132675
718.47706624 309.51739646377956 36.879105628118346
718.7929497599999 309.5178872113472 36.879129828737135
719.10883328 309.51836082416 36.87912899276185
